================================================================================
System Utilization Metrics
================================================================================


System-Wide Metrics:
--------------------------------------------------
  Time Step Used for Analysis: 1.00 μs
  Mean Per-Chiplet Compute Time Utilization (Method 1): 0.04 %
  Mean Per-Chiplet Activation Communication Time Utilization (Method 1): 0.29 %
  Mean Per-Chiplet Weight Loading Time Utilization (Method 1): 91.27 %
  Mean Per-Chiplet Combined Time Utilization (Method 1): 91.29 %

Total Compute Utilization (Method 1):
--------------------------------------------------
  Compute Time Based Utilization (Per Chiplet):

  +------------+-------------------------+----------------------+
  | Chiplet ID | Total Compute Time (μs) | Utilization (%)      |
  +------------+-------------------------+----------------------+
  | 2          | 159.21                  | 0.78                 |
  | 3          | 13.42                   | 0.07                 |
  | 4          | 2.46                    | 0.01                 |
  | 5          | 2.46                    | 0.01                 |
  | 6          | 2.46                    | 0.01                 |
  | 7          | 2.46                    | 0.01                 |
  | 8          | 2.46                    | 0.01                 |
  | 9          | 2.46                    | 0.01                 |
  | 11         | 36.54                   | 0.18                 |
  | 12         | 58.46                   | 0.29                 |
  | 13         | 2.46                    | 0.01                 |
  | 14         | 2.46                    | 0.01                 |
  | 15         | 2.46                    | 0.01                 |
  | 16         | 2.46                    | 0.01                 |
  | 17         | 2.46                    | 0.01                 |
  | 18         | 2.46                    | 0.01                 |
  | 19         | 2.46                    | 0.01                 |
  | 20         | 2.46                    | 0.01                 |
  | 21         | 13.70                   | 0.07                 |
  | 22         | 12.79                   | 0.06                 |
  | 23         | 8.85                    | 0.04                 |
  | 24         | 2.46                    | 0.01                 |
  | 25         | 2.46                    | 0.01                 |
  | 26         | 2.46                    | 0.01                 |
  | 27         | 2.46                    | 0.01                 |
  | 28         | 2.46                    | 0.01                 |
  | 29         | 2.46                    | 0.01                 |
  | 30         | 2.46                    | 0.01                 |
  | 31         | 2.46                    | 0.01                 |
  | 32         | 2.46                    | 0.01                 |
  | 33         | 2.46                    | 0.01                 |
  | 34         | 2.46                    | 0.01                 |
  | 35         | 2.46                    | 0.01                 |
  | 36         | 2.46                    | 0.01                 |
  | 37         | 2.46                    | 0.01                 |
  | 38         | 2.46                    | 0.01                 |
  | 39         | 2.46                    | 0.01                 |
  | 41         | 2.46                    | 0.01                 |
  | 42         | 2.46                    | 0.01                 |
  | 43         | 2.46                    | 0.01                 |
  | 44         | 2.46                    | 0.01                 |
  | 45         | 2.46                    | 0.01                 |
  | 46         | 2.46                    | 0.01                 |
  | 47         | 2.46                    | 0.01                 |
  | 48         | 2.46                    | 0.01                 |
  | 51         | 2.46                    | 0.01                 |
  | 52         | 2.46                    | 0.01                 |
  | 53         | 2.46                    | 0.01                 |
  | 54         | 2.46                    | 0.01                 |
  | 55         | 2.46                    | 0.01                 |
  | 56         | 4.92                    | 0.02                 |
  | 62         | 2.46                    | 0.01                 |
  | 63         | 2.46                    | 0.01                 |
  | 64         | 2.46                    | 0.01                 |
  | 65         | 2.46                    | 0.01                 |
  | 73         | 2.46                    | 0.01                 |
  | 74         | 2.46                    | 0.01                 |
  +------------+-------------------------+----------------------+

Total Activation Communication Utilization (Method 1):
--------------------------------------------------
  Activation Communication Time Based Utilization (Per Chiplet):

  +------------+------------------------------------------+----------------------+
  | Chiplet ID | Total Activation Communication Time (μs) | Utilization (%)      |
  +------------+------------------------------------------+----------------------+
  | 2          | 352.62                                   | 1.72                 |
  | 3          | 103.69                                   | 0.51                 |
  | 4          | 1.95                                     | 0.01                 |
  | 5          | 1.95                                     | 0.01                 |
  | 6          | 1.95                                     | 0.01                 |
  | 7          | 1.95                                     | 0.01                 |
  | 8          | 1.04                                     | 0.01                 |
  | 9          | 1.04                                     | 0.01                 |
  | 11         | 153.92                                   | 0.75                 |
  | 12         | 249.31                                   | 1.22                 |
  | 13         | 1.95                                     | 0.01                 |
  | 14         | 1.95                                     | 0.01                 |
  | 15         | 1.95                                     | 0.01                 |
  | 16         | 1.95                                     | 0.01                 |
  | 17         | 1.95                                     | 0.01                 |
  | 18         | 1.95                                     | 0.01                 |
  | 19         | 1.04                                     | 0.01                 |
  | 20         | 1.04                                     | 0.01                 |
  | 21         | 60.23                                    | 0.29                 |
  | 22         | 1197.67                                  | 5.85                 |
  | 23         | 1169.44                                  | 5.71                 |
  | 24         | 1.95                                     | 0.01                 |
  | 25         | 1.95                                     | 0.01                 |
  | 26         | 1.95                                     | 0.01                 |
  | 27         | 1.95                                     | 0.01                 |
  | 28         | 1.95                                     | 0.01                 |
  | 29         | 1.95                                     | 0.01                 |
  | 30         | 1.04                                     | 0.01                 |
  | 31         | 1.95                                     | 0.01                 |
  | 32         | 1.95                                     | 0.01                 |
  | 33         | 1.95                                     | 0.01                 |
  | 34         | 1.95                                     | 0.01                 |
  | 35         | 1.95                                     | 0.01                 |
  | 36         | 1.95                                     | 0.01                 |
  | 37         | 1.95                                     | 0.01                 |
  | 38         | 1.95                                     | 0.01                 |
  | 39         | 0.00                                     | 0.00                 |
  | 41         | 1.95                                     | 0.01                 |
  | 42         | 1.95                                     | 0.01                 |
  | 43         | 1.95                                     | 0.01                 |
  | 44         | 1.95                                     | 0.01                 |
  | 45         | 1.95                                     | 0.01                 |
  | 46         | 1.95                                     | 0.01                 |
  | 47         | 1.95                                     | 0.01                 |
  | 48         | 0.00                                     | 0.00                 |
  | 51         | 1.95                                     | 0.01                 |
  | 52         | 1.95                                     | 0.01                 |
  | 53         | 1.95                                     | 0.01                 |
  | 54         | 1.95                                     | 0.01                 |
  | 55         | 1.95                                     | 0.01                 |
  | 56         | 3.00                                     | 0.01                 |
  | 62         | 1.95                                     | 0.01                 |
  | 63         | 1.95                                     | 0.01                 |
  | 64         | 1.95                                     | 0.01                 |
  | 65         | 1.04                                     | 0.01                 |
  | 73         | 1.95                                     | 0.01                 |
  | 74         | 1.04                                     | 0.01                 |
  +------------+------------------------------------------+----------------------+

Total Weight Loading Utilization (Method 1):
--------------------------------------------------
  Weight Loading Time Based Utilization (Per Chiplet):

  +------------+--------------------------------+------------------+
  | Chiplet ID | Total Weight Loading Time (μs) | Utilization (%)  |
  +------------+--------------------------------+------------------+
  | 2          | 147204.39                      | 100.00           |
  | 3          | 36801.10                       | 100.00           |
  | 4          | 18400.55                       | 89.85            |
  | 5          | 18400.55                       | 89.85            |
  | 6          | 18400.55                       | 89.85            |
  | 7          | 18400.55                       | 89.85            |
  | 8          | 18400.55                       | 89.85            |
  | 9          | 18400.55                       | 89.85            |
  | 11         | 36801.10                       | 100.00           |
  | 12         | 36801.10                       | 100.00           |
  | 13         | 18400.55                       | 89.85            |
  | 14         | 18400.55                       | 89.85            |
  | 15         | 18400.55                       | 89.85            |
  | 16         | 18400.55                       | 89.85            |
  | 17         | 18400.55                       | 89.85            |
  | 18         | 18400.55                       | 89.85            |
  | 19         | 18400.55                       | 89.85            |
  | 20         | 18400.55                       | 89.85            |
  | 21         | 36801.10                       | 100.00           |
  | 22         | 36801.10                       | 100.00           |
  | 23         | 36801.10                       | 100.00           |
  | 24         | 18400.55                       | 89.85            |
  | 25         | 18400.55                       | 89.85            |
  | 26         | 18400.55                       | 89.85            |
  | 27         | 18400.55                       | 89.85            |
  | 28         | 18400.55                       | 89.85            |
  | 29         | 18400.55                       | 89.85            |
  | 30         | 18400.55                       | 89.85            |
  | 31         | 18400.55                       | 89.85            |
  | 32         | 18400.55                       | 89.85            |
  | 33         | 18400.55                       | 89.85            |
  | 34         | 18400.55                       | 89.85            |
  | 35         | 18400.55                       | 89.85            |
  | 36         | 18400.55                       | 89.85            |
  | 37         | 18400.55                       | 89.85            |
  | 38         | 18400.55                       | 89.85            |
  | 39         | 18400.55                       | 89.85            |
  | 41         | 18400.55                       | 89.85            |
  | 42         | 18400.55                       | 89.85            |
  | 43         | 18400.55                       | 89.85            |
  | 44         | 18400.55                       | 89.85            |
  | 45         | 18400.55                       | 89.85            |
  | 46         | 18400.55                       | 89.85            |
  | 47         | 18400.55                       | 89.85            |
  | 48         | 18400.55                       | 89.85            |
  | 51         | 18400.55                       | 89.85            |
  | 52         | 18400.55                       | 89.85            |
  | 53         | 18400.55                       | 89.85            |
  | 54         | 18400.55                       | 89.85            |
  | 55         | 18400.55                       | 89.85            |
  | 56         | 36801.10                       | 100.00           |
  | 62         | 18400.55                       | 89.85            |
  | 63         | 18400.55                       | 89.85            |
  | 64         | 18400.55                       | 89.85            |
  | 65         | 18400.55                       | 89.85            |
  | 73         | 18400.55                       | 89.85            |
  | 74         | 18400.55                       | 89.85            |
  +------------+--------------------------------+------------------+

Total Combined Utilization (Method 1):
--------------------------------------------------
  Combined Busy Time Based Utilization (Per Chiplet) - Compute + Activation Communication + Weight Loading:

  +------------+-------------------------------+-------------------+
  | Chiplet ID | Total Combined Busy Time (μs) | Utilization (%)   |
  +------------+-------------------------------+-------------------+
  | 2          | 147716.22                     | 100.00            |
  | 3          | 36918.21                      | 100.00            |
  | 4          | 18404.96                      | 89.87             |
  | 5          | 18404.96                      | 89.87             |
  | 6          | 18404.96                      | 89.87             |
  | 7          | 18404.96                      | 89.87             |
  | 8          | 18404.05                      | 89.86             |
  | 9          | 18404.05                      | 89.86             |
  | 11         | 36991.56                      | 100.00            |
  | 12         | 37108.87                      | 100.00            |
  | 13         | 18404.96                      | 89.87             |
  | 14         | 18404.96                      | 89.87             |
  | 15         | 18404.96                      | 89.87             |
  | 16         | 18404.96                      | 89.87             |
  | 17         | 18404.96                      | 89.87             |
  | 18         | 18404.96                      | 89.87             |
  | 19         | 18404.05                      | 89.86             |
  | 20         | 18404.05                      | 89.86             |
  | 21         | 36875.03                      | 100.00            |
  | 22         | 38011.55                      | 100.00            |
  | 23         | 37979.39                      | 100.00            |
  | 24         | 18404.96                      | 89.87             |
  | 25         | 18404.96                      | 89.87             |
  | 26         | 18404.96                      | 89.87             |
  | 27         | 18404.96                      | 89.87             |
  | 28         | 18404.96                      | 89.87             |
  | 29         | 18404.96                      | 89.87             |
  | 30         | 18404.05                      | 89.86             |
  | 31         | 18404.96                      | 89.87             |
  | 32         | 18404.96                      | 89.87             |
  | 33         | 18404.96                      | 89.87             |
  | 34         | 18404.96                      | 89.87             |
  | 35         | 18404.96                      | 89.87             |
  | 36         | 18404.96                      | 89.87             |
  | 37         | 18404.96                      | 89.87             |
  | 38         | 18404.96                      | 89.87             |
  | 39         | 18403.01                      | 89.86             |
  | 41         | 18404.96                      | 89.87             |
  | 42         | 18404.96                      | 89.87             |
  | 43         | 18404.96                      | 89.87             |
  | 44         | 18404.96                      | 89.87             |
  | 45         | 18404.96                      | 89.87             |
  | 46         | 18404.96                      | 89.87             |
  | 47         | 18404.96                      | 89.87             |
  | 48         | 18403.01                      | 89.86             |
  | 51         | 18404.96                      | 89.87             |
  | 52         | 18404.96                      | 89.87             |
  | 53         | 18404.96                      | 89.87             |
  | 54         | 18404.96                      | 89.87             |
  | 55         | 18404.96                      | 89.87             |
  | 56         | 36809.01                      | 100.00            |
  | 62         | 18404.96                      | 89.87             |
  | 63         | 18404.96                      | 89.87             |
  | 64         | 18404.96                      | 89.87             |
  | 65         | 18404.05                      | 89.86             |
  | 73         | 18404.96                      | 89.87             |
  | 74         | 18404.05                      | 89.86             |
  +------------+-------------------------------+-------------------+
