================================================================================
Model 1: mobilenet_v2
================================================================================


Model Overall Times:
--------------------------------------------------
  Overall Times:
    Start: 0.00 μs
    End: 18572.27 μs
    Duration: 18572.27 μs

Input Start/End Times:
--------------------------------------------------
  Input Times Table:

  +-------+------------+-------------------+
  | Input | Start (μs) | End (μs)          |
  +-------+------------+-------------------+
  | 0     | 0.00       | 18572.27          |
  +-------+------------+-------------------+

Summed Time Per Input:
--------------------------------------------------
  Summed Time Table:

  +-------+------------------+-------------------------------+---------------------+--------------------+
  | Input | Compute (μs)     | Activation Communication (μs) | Weight Loading (μs) | Total (μs)         |
  +-------+------------------+-------------------------------+---------------------+--------------------+
  | 0     | 94.02            | 1022.32                       | 17455.93            | 18572.27           |
  +-------+------------------+-------------------------------+---------------------+--------------------+

Layer Latency per input:
--------------------------------------------------
  Latency Table:

  +-------+-------+----------------------+------------------------------+
  | Input | Layer | Compute Latency (μs) | Activation Comm Latency (μs) |
  +-------+-------+----------------------+------------------------------+
  | 0     | 0     | 0.52                 | -1                           |
  | 0     | 1     | 2.09                 | -1                           |
  | 0     | 2     | 0.52                 | -1                           |
  | 0     | 3     | 1.04                 | -1                           |
  | 0     | 4     | 3.65                 | -1                           |
  | 0     | 5     | 0.26                 | -1                           |
  | 0     | 6     | 0.52                 | -1                           |
  | 0     | 7     | 14.62                | -1                           |
  | 0     | 8     | 0.26                 | -1                           |
  | 0     | 9     | 0.52                 | -1                           |
  | 0     | 10    | 3.65                 | -1                           |
  | 0     | 11    | 0.13                 | -1                           |
  | 0     | 12    | 0.13                 | -1                           |
  | 0     | 13    | 7.31                 | -1                           |
  | 0     | 14    | 0.13                 | -1                           |
  | 0     | 15    | 0.13                 | -1                           |
  | 0     | 16    | 7.31                 | -1                           |
  | 0     | 17    | 0.13                 | -1                           |
  | 0     | 18    | 0.13                 | -1                           |
  | 0     | 19    | 1.83                 | -1                           |
  | 0     | 20    | 0.07                 | -1                           |
  | 0     | 21    | 0.07                 | 23.52                        |
  | 0     | 22    | 5.48                 | 2.80                         |
  | 0     | 23    | 0.07                 | -1                           |
  | 0     | 24    | 0.07                 | 23.52                        |
  | 0     | 25    | 4.57                 | 21.73                        |
  | 0     | 26    | 0.07                 | -1                           |
  | 0     | 27    | 0.07                 | -1                           |
  | 0     | 28    | 5.48                 | -1                           |
  | 0     | 29    | 0.07                 | -1                           |
  | 0     | 30    | 0.07                 | 23.52                        |
  | 0     | 31    | 2.74                 | 19.71                        |
  | 0     | 32    | 0.13                 | -1                           |
  | 0     | 33    | 0.26                 | 35.28                        |
  | 0     | 34    | 9.14                 | 31.39                        |
  | 0     | 35    | 0.26                 | -1                           |
  | 0     | 36    | 0.26                 | 35.28                        |
  | 0     | 37    | 9.14                 | 31.25                        |
  | 0     | 38    | 0.26                 | -1                           |
  | 0     | 39    | 0.26                 | 35.28                        |
  | 0     | 40    | 2.28                 | 7.81                         |
  | 0     | 41    | 0.13                 | -1                           |
  | 0     | 42    | 0.13                 | 44.10                        |
  | 0     | 43    | 2.28                 | 11.89                        |
  | 0     | 44    | 0.13                 | -1                           |
  | 0     | 45    | 0.13                 | 44.10                        |
  | 0     | 46    | 2.28                 | 11.75                        |
  | 0     | 47    | 0.13                 | -1                           |
  | 0     | 48    | 0.13                 | 58.80                        |
  | 0     | 49    | 2.28                 | 11.77                        |
  | 0     | 50    | 0.23                 | -1                           |
  | 0     | 51    | 0.46                 | 548.81                       |
  | 0     | 52    | 0.03                 | -1                           |
  +-------+-------+----------------------+------------------------------+

Phase Execution Schedule:
--------------------------------------------------
  Phase Schedule Table:

  +-------+----------+--------------------------+-------------------------------------------------------------------------------------------------------------------------------------------------------------------------------------------------------------------+--------------------+---------------------+--------------------+
  | Input | Phase ID | Type                     | Description                                                                                                                                                                                                       | Start (μs)         | Duration (μs)       | Completion (μs)    |
  +-------+----------+--------------------------+-------------------------------------------------------------------------------------------------------------------------------------------------------------------------------------------------------------------+--------------------+---------------------+--------------------+
  | 0     | 105      | Weight Loading           | Layers [0, 1, 2, 3, 4, 5, 6, 7, 8, 9, 10, 11, 12, 13, 14, 15, 16, 17, 18, 19, 20, 21, 22, 23, 24, 25, 26, 27, 28, 29, 30, 31, 32, 33, 34, 35, 36, 37, 38, 39, 40, 41, 42, 43, 44, 45, 46, 47, 48, 49, 50, 51, 52] | 0.00               | 17455.93            | 17455.93           |
  | 0     | 0        | Compute                  | Layer 0                                                                                                                                                                                                           | 17455.93           | 0.52                | 17456.46           |
  | 0     | 1        | Activation Communication | Layer 0                                                                                                                                                                                                           | 17456.46           | 0                   | 17456.46           |
  | 0     | 2        | Compute                  | Layer 1                                                                                                                                                                                                           | 17456.46           | 2.09                | 17458.55           |
  | 0     | 3        | Activation Communication | Layer 1                                                                                                                                                                                                           | 17458.55           | 0                   | 17458.55           |
  | 0     | 4        | Compute                  | Layer 2                                                                                                                                                                                                           | 17458.55           | 0.52                | 17459.07           |
  | 0     | 5        | Activation Communication | Layer 2                                                                                                                                                                                                           | 17459.07           | 0                   | 17459.07           |
  | 0     | 6        | Compute                  | Layer 3                                                                                                                                                                                                           | 17459.07           | 1.04                | 17460.11           |
  | 0     | 7        | Activation Communication | Layer 3                                                                                                                                                                                                           | 17460.11           | 0                   | 17460.11           |
  | 0     | 8        | Compute                  | Layer 4                                                                                                                                                                                                           | 17460.11           | 3.65                | 17463.77           |
  | 0     | 9        | Activation Communication | Layer 4                                                                                                                                                                                                           | 17463.77           | 0                   | 17463.77           |
  | 0     | 10       | Compute                  | Layer 5                                                                                                                                                                                                           | 17463.77           | 0.26                | 17464.03           |
  | 0     | 11       | Activation Communication | Layer 5                                                                                                                                                                                                           | 17464.03           | 0                   | 17464.03           |
  | 0     | 12       | Compute                  | Layer 6                                                                                                                                                                                                           | 17464.03           | 0.52                | 17464.55           |
  | 0     | 13       | Activation Communication | Layer 6                                                                                                                                                                                                           | 17464.55           | 0                   | 17464.55           |
  | 0     | 14       | Compute                  | Layer 7                                                                                                                                                                                                           | 17464.55           | 14.62               | 17479.16           |
  | 0     | 15       | Activation Communication | Layer 7                                                                                                                                                                                                           | 17479.16           | 0                   | 17479.16           |
  | 0     | 16       | Compute                  | Layer 8                                                                                                                                                                                                           | 17479.16           | 0.26                | 17479.43           |
  | 0     | 17       | Activation Communication | Layer 8                                                                                                                                                                                                           | 17479.43           | 0                   | 17479.43           |
  | 0     | 18       | Compute                  | Layer 9                                                                                                                                                                                                           | 17479.43           | 0.52                | 17479.95           |
  | 0     | 19       | Activation Communication | Layer 9                                                                                                                                                                                                           | 17479.95           | 0                   | 17479.95           |
  | 0     | 20       | Compute                  | Layer 10                                                                                                                                                                                                          | 17479.95           | 3.65                | 17483.60           |
  | 0     | 21       | Activation Communication | Layer 10                                                                                                                                                                                                          | 17483.60           | 0                   | 17483.60           |
  | 0     | 22       | Compute                  | Layer 11                                                                                                                                                                                                          | 17483.60           | 0.13                | 17483.73           |
  | 0     | 23       | Activation Communication | Layer 11                                                                                                                                                                                                          | 17483.73           | 0                   | 17483.73           |
  | 0     | 24       | Compute                  | Layer 12                                                                                                                                                                                                          | 17483.73           | 0.13                | 17483.86           |
  | 0     | 25       | Activation Communication | Layer 12                                                                                                                                                                                                          | 17483.86           | 0                   | 17483.86           |
  | 0     | 26       | Compute                  | Layer 13                                                                                                                                                                                                          | 17483.86           | 7.31                | 17491.17           |
  | 0     | 27       | Activation Communication | Layer 13                                                                                                                                                                                                          | 17491.17           | 0                   | 17491.17           |
  | 0     | 28       | Compute                  | Layer 14                                                                                                                                                                                                          | 17491.17           | 0.13                | 17491.30           |
  | 0     | 29       | Activation Communication | Layer 14                                                                                                                                                                                                          | 17491.30           | 0                   | 17491.30           |
  | 0     | 30       | Compute                  | Layer 15                                                                                                                                                                                                          | 17491.30           | 0.13                | 17491.43           |
  | 0     | 31       | Activation Communication | Layer 15                                                                                                                                                                                                          | 17491.43           | 0                   | 17491.43           |
  | 0     | 32       | Compute                  | Layer 16                                                                                                                                                                                                          | 17491.43           | 7.31                | 17498.74           |
  | 0     | 33       | Activation Communication | Layer 16                                                                                                                                                                                                          | 17498.74           | 0                   | 17498.74           |
  | 0     | 34       | Compute                  | Layer 17                                                                                                                                                                                                          | 17498.74           | 0.13                | 17498.87           |
  | 0     | 35       | Activation Communication | Layer 17                                                                                                                                                                                                          | 17498.87           | 0                   | 17498.87           |
  | 0     | 36       | Compute                  | Layer 18                                                                                                                                                                                                          | 17498.87           | 0.13                | 17499.00           |
  | 0     | 37       | Activation Communication | Layer 18                                                                                                                                                                                                          | 17499.00           | 0                   | 17499.00           |
  | 0     | 38       | Compute                  | Layer 19                                                                                                                                                                                                          | 17499.00           | 1.83                | 17500.83           |
  | 0     | 39       | Activation Communication | Layer 19                                                                                                                                                                                                          | 17500.83           | 0                   | 17500.83           |
  | 0     | 40       | Compute                  | Layer 20                                                                                                                                                                                                          | 17500.83           | 0.07                | 17500.89           |
  | 0     | 41       | Activation Communication | Layer 20                                                                                                                                                                                                          | 17500.89           | 0                   | 17500.89           |
  | 0     | 42       | Compute                  | Layer 21                                                                                                                                                                                                          | 17500.89           | 0.07                | 17500.96           |
  | 0     | 43       | Activation Communication | Layer 21                                                                                                                                                                                                          | 17500.96           | 23.52               | 17524.48           |
  | 0     | 44       | Compute                  | Layer 22                                                                                                                                                                                                          | 17524.48           | 5.48                | 17529.96           |
  | 0     | 45       | Activation Communication | Layer 22                                                                                                                                                                                                          | 17529.96           | 2.80                | 17532.76           |
  | 0     | 46       | Compute                  | Layer 23                                                                                                                                                                                                          | 17532.76           | 0.07                | 17532.82           |
  | 0     | 47       | Activation Communication | Layer 23                                                                                                                                                                                                          | 17532.82           | 0                   | 17532.82           |
  | 0     | 48       | Compute                  | Layer 24                                                                                                                                                                                                          | 17532.82           | 0.07                | 17532.89           |
  | 0     | 49       | Activation Communication | Layer 24                                                                                                                                                                                                          | 17532.89           | 23.52               | 17556.41           |
  | 0     | 50       | Compute                  | Layer 25                                                                                                                                                                                                          | 17556.41           | 4.57                | 17560.98           |
  | 0     | 51       | Activation Communication | Layer 25                                                                                                                                                                                                          | 17560.98           | 21.73               | 17582.71           |
  | 0     | 52       | Compute                  | Layer 26                                                                                                                                                                                                          | 17582.71           | 0.07                | 17582.77           |
  | 0     | 53       | Activation Communication | Layer 26                                                                                                                                                                                                          | 17582.77           | 0                   | 17582.77           |
  | 0     | 54       | Compute                  | Layer 27                                                                                                                                                                                                          | 17582.77           | 0.07                | 17582.84           |
  | 0     | 55       | Activation Communication | Layer 27                                                                                                                                                                                                          | 17582.84           | 0                   | 17582.84           |
  | 0     | 56       | Compute                  | Layer 28                                                                                                                                                                                                          | 17582.84           | 5.48                | 17588.32           |
  | 0     | 57       | Activation Communication | Layer 28                                                                                                                                                                                                          | 17588.32           | 0                   | 17588.32           |
  | 0     | 58       | Compute                  | Layer 29                                                                                                                                                                                                          | 17588.32           | 0.07                | 17588.38           |
  | 0     | 59       | Activation Communication | Layer 29                                                                                                                                                                                                          | 17588.38           | 0                   | 17588.38           |
  | 0     | 60       | Compute                  | Layer 30                                                                                                                                                                                                          | 17588.38           | 0.07                | 17588.45           |
  | 0     | 61       | Activation Communication | Layer 30                                                                                                                                                                                                          | 17588.45           | 23.52               | 17611.97           |
  | 0     | 62       | Compute                  | Layer 31                                                                                                                                                                                                          | 17611.97           | 2.74                | 17614.71           |
  | 0     | 63       | Activation Communication | Layer 31                                                                                                                                                                                                          | 17614.71           | 19.71               | 17634.42           |
  | 0     | 64       | Compute                  | Layer 32                                                                                                                                                                                                          | 17634.42           | 0.13                | 17634.55           |
  | 0     | 65       | Activation Communication | Layer 32                                                                                                                                                                                                          | 17634.55           | 0                   | 17634.55           |
  | 0     | 66       | Compute                  | Layer 33                                                                                                                                                                                                          | 17634.55           | 0.26                | 17634.81           |
  | 0     | 67       | Activation Communication | Layer 33                                                                                                                                                                                                          | 17634.81           | 35.28               | 17670.09           |
  | 0     | 68       | Compute                  | Layer 34                                                                                                                                                                                                          | 17670.09           | 9.14                | 17679.23           |
  | 0     | 69       | Activation Communication | Layer 34                                                                                                                                                                                                          | 17679.23           | 31.39               | 17710.62           |
  | 0     | 70       | Compute                  | Layer 35                                                                                                                                                                                                          | 17710.62           | 0.26                | 17710.88           |
  | 0     | 71       | Activation Communication | Layer 35                                                                                                                                                                                                          | 17710.88           | 0                   | 17710.88           |
  | 0     | 72       | Compute                  | Layer 36                                                                                                                                                                                                          | 17710.88           | 0.26                | 17711.14           |
  | 0     | 73       | Activation Communication | Layer 36                                                                                                                                                                                                          | 17711.14           | 35.28               | 17746.42           |
  | 0     | 74       | Compute                  | Layer 37                                                                                                                                                                                                          | 17746.42           | 9.14                | 17755.56           |
  | 0     | 75       | Activation Communication | Layer 37                                                                                                                                                                                                          | 17755.56           | 31.25               | 17786.80           |
  | 0     | 76       | Compute                  | Layer 38                                                                                                                                                                                                          | 17786.80           | 0.26                | 17787.07           |
  | 0     | 77       | Activation Communication | Layer 38                                                                                                                                                                                                          | 17787.07           | 0                   | 17787.07           |
  | 0     | 78       | Compute                  | Layer 39                                                                                                                                                                                                          | 17787.07           | 0.26                | 17787.33           |
  | 0     | 79       | Activation Communication | Layer 39                                                                                                                                                                                                          | 17787.33           | 35.28               | 17822.61           |
  | 0     | 80       | Compute                  | Layer 40                                                                                                                                                                                                          | 17822.61           | 2.28                | 17824.89           |
  | 0     | 81       | Activation Communication | Layer 40                                                                                                                                                                                                          | 17824.89           | 7.81                | 17832.70           |
  | 0     | 82       | Compute                  | Layer 41                                                                                                                                                                                                          | 17832.70           | 0.13                | 17832.83           |
  | 0     | 83       | Activation Communication | Layer 41                                                                                                                                                                                                          | 17832.83           | 0                   | 17832.83           |
  | 0     | 84       | Compute                  | Layer 42                                                                                                                                                                                                          | 17832.83           | 0.13                | 17832.96           |
  | 0     | 85       | Activation Communication | Layer 42                                                                                                                                                                                                          | 17832.96           | 44.10               | 17877.06           |
  | 0     | 86       | Compute                  | Layer 43                                                                                                                                                                                                          | 17877.06           | 2.28                | 17879.35           |
  | 0     | 87       | Activation Communication | Layer 43                                                                                                                                                                                                          | 17879.35           | 11.89               | 17891.24           |
  | 0     | 88       | Compute                  | Layer 44                                                                                                                                                                                                          | 17891.24           | 0.13                | 17891.37           |
  | 0     | 89       | Activation Communication | Layer 44                                                                                                                                                                                                          | 17891.37           | 0                   | 17891.37           |
  | 0     | 90       | Compute                  | Layer 45                                                                                                                                                                                                          | 17891.37           | 0.13                | 17891.50           |
  | 0     | 91       | Activation Communication | Layer 45                                                                                                                                                                                                          | 17891.50           | 44.10               | 17935.60           |
  | 0     | 92       | Compute                  | Layer 46                                                                                                                                                                                                          | 17935.60           | 2.28                | 17937.88           |
  | 0     | 93       | Activation Communication | Layer 46                                                                                                                                                                                                          | 17937.88           | 11.75               | 17949.63           |
  | 0     | 94       | Compute                  | Layer 47                                                                                                                                                                                                          | 17949.63           | 0.13                | 17949.77           |
  | 0     | 95       | Activation Communication | Layer 47                                                                                                                                                                                                          | 17949.77           | 0                   | 17949.77           |
  | 0     | 96       | Compute                  | Layer 48                                                                                                                                                                                                          | 17949.77           | 0.13                | 17949.90           |
  | 0     | 97       | Activation Communication | Layer 48                                                                                                                                                                                                          | 17949.90           | 58.80               | 18008.70           |
  | 0     | 98       | Compute                  | Layer 49                                                                                                                                                                                                          | 18008.70           | 2.28                | 18010.98           |
  | 0     | 99       | Activation Communication | Layer 49                                                                                                                                                                                                          | 18010.98           | 11.77               | 18022.75           |
  | 0     | 100      | Compute                  | Layer 50                                                                                                                                                                                                          | 18022.75           | 0.23                | 18022.98           |
  | 0     | 101      | Activation Communication | Layer 50                                                                                                                                                                                                          | 18022.98           | 0                   | 18022.98           |
  | 0     | 102      | Compute                  | Layer 51                                                                                                                                                                                                          | 18022.98           | 0.46                | 18023.44           |
  | 0     | 103      | Activation Communication | Layer 51                                                                                                                                                                                                          | 18023.44           | 548.81              | 18572.25           |
  | 0     | 104      | Compute                  | Layer 52                                                                                                                                                                                                          | 18572.25           | 0.03                | 18572.27           |
  +-------+----------+--------------------------+-------------------------------------------------------------------------------------------------------------------------------------------------------------------------------------------------------------------+--------------------+---------------------+--------------------+

Weight Loading Schedule:
--------------------------------------------------
  Weight Loading Schedule Table:

  +-------+-------+------------+--------------------+--------------------+--------------------+
  | Input | Op ID | Start (μs) | Duration (μs)      | Completion (μs)    | Next Compute Layer |
  +-------+-------+------------+--------------------+--------------------+--------------------+
  | 0     | 105   | 0.00       | 17455.93           | 17455.93           | Input 0, Layer 0   |
  +-------+-------+------------+--------------------+--------------------+--------------------+

Weight Loading Traffic (bytes):
--------------------------------------------------
  Weight Loading Traffic Table:

  +-------+-------+--------------------------------------------------------------------------------------------------------------------------------------------------------------------------------------------------------------------------------------------------------------------------------------------------------------------------------------------------------------------------------------------------------------------------------------------------------------------------------------------------------------------------------------------------------------------------+
  | Input | Op ID | Traffic                                                                                                                                                                                                                                                                                                                                                                                                                                                                                                                                                                  |
  +-------+-------+--------------------------------------------------------------------------------------------------------------------------------------------------------------------------------------------------------------------------------------------------------------------------------------------------------------------------------------------------------------------------------------------------------------------------------------------------------------------------------------------------------------------------------------------------------------------------+
  | 0     | 105   | {1: {2: 106656, 3: 143286, 4: 149798, 13: 138459, 12: 151482, 14: 141037, 15: 149346, 24: 140214, 23: 150901, 25: 140214, 35: 143435, 34: 152470, 45: 151383, 33: 144225, 32: 152470, 43: 152470, 22: 144225, 11: 151844, 21: 152470, 31: 134800, 5: 150000, 41: 150000, 42: 150000, 44: 150000}, 10: {26: 149321, 36: 152470, 16: 150000, 27: 150000, 37: 150000, 38: 98000, 46: 150000}, 91: {51: 150000, 52: 150000, 53: 150000, 54: 150000, 55: 150000, 61: 150000, 62: 150000, 63: 150000, 64: 150000, 71: 150000, 72: 150000, 73: 150000, 81: 150000, 82: 150000}} |
  +-------+-------+--------------------------------------------------------------------------------------------------------------------------------------------------------------------------------------------------------------------------------------------------------------------------------------------------------------------------------------------------------------------------------------------------------------------------------------------------------------------------------------------------------------------------------------------------------------------------+

Activation Communication Traffic (bytes):
--------------------------------------------------
  Activation Communication Traffic Table:

  +-------+----------------------------------------------------------------------------------------------------------------------------------------------------------------------------------------------------------------------------------------------------------------------------------------------+
  | Layer | Traffic                                                                                                                                                                                                                                                                                      |
  +-------+----------------------------------------------------------------------------------------------------------------------------------------------------------------------------------------------------------------------------------------------------------------------------------------------+
  | 0     | {2: {}}                                                                                                                                                                                                                                                                                      |
  | 1     | {2: {}}                                                                                                                                                                                                                                                                                      |
  | 2     | {2: {}}                                                                                                                                                                                                                                                                                      |
  | 3     | {2: {}}                                                                                                                                                                                                                                                                                      |
  | 4     | {2: {}}                                                                                                                                                                                                                                                                                      |
  | 5     | {2: {}}                                                                                                                                                                                                                                                                                      |
  | 6     | {2: {}}                                                                                                                                                                                                                                                                                      |
  | 7     | {2: {}}                                                                                                                                                                                                                                                                                      |
  | 8     | {2: {}}                                                                                                                                                                                                                                                                                      |
  | 9     | {2: {}}                                                                                                                                                                                                                                                                                      |
  | 10    | {2: {}}                                                                                                                                                                                                                                                                                      |
  | 11    | {2: {}}                                                                                                                                                                                                                                                                                      |
  | 12    | {2: {}}                                                                                                                                                                                                                                                                                      |
  | 13    | {2: {}}                                                                                                                                                                                                                                                                                      |
  | 14    | {2: {}}                                                                                                                                                                                                                                                                                      |
  | 15    | {2: {}}                                                                                                                                                                                                                                                                                      |
  | 16    | {2: {}}                                                                                                                                                                                                                                                                                      |
  | 17    | {2: {}}                                                                                                                                                                                                                                                                                      |
  | 18    | {2: {}}                                                                                                                                                                                                                                                                                      |
  | 19    | {2: {}}                                                                                                                                                                                                                                                                                      |
  | 20    | {2: {}}                                                                                                                                                                                                                                                                                      |
  | 21    | {2: {3: 4704}}                                                                                                                                                                                                                                                                               |
  | 22    | {2: {3: 560}, 3: {}}                                                                                                                                                                                                                                                                         |
  | 23    | {3: {}}                                                                                                                                                                                                                                                                                      |
  | 24    | {3: {4: 4704}}                                                                                                                                                                                                                                                                               |
  | 25    | {3: {13: 3808}, 4: {13: 896}}                                                                                                                                                                                                                                                                |
  | 26    | {13: {}}                                                                                                                                                                                                                                                                                     |
  | 27    | {13: {}}                                                                                                                                                                                                                                                                                     |
  | 28    | {13: {}}                                                                                                                                                                                                                                                                                     |
  | 29    | {13: {}}                                                                                                                                                                                                                                                                                     |
  | 30    | {13: {12: 4704}}                                                                                                                                                                                                                                                                             |
  | 31    | {12: {14: 1904}, 13: {14: 2800}}                                                                                                                                                                                                                                                             |
  | 32    | {14: {}}                                                                                                                                                                                                                                                                                     |
  | 33    | {14: {15: 7056}}                                                                                                                                                                                                                                                                             |
  | 34    | {14: {24: 5114}, 15: {24: 1941}}                                                                                                                                                                                                                                                             |
  | 35    | {24: {}}                                                                                                                                                                                                                                                                                     |
  | 36    | {24: {23: 7056}}                                                                                                                                                                                                                                                                             |
  | 37    | {23: {25: 2016}, 24: {25: 5040}}                                                                                                                                                                                                                                                             |
  | 38    | {25: {}}                                                                                                                                                                                                                                                                                     |
  | 39    | {25: {26: 7056}}                                                                                                                                                                                                                                                                             |
  | 40    | {25: {35: 1260}, 26: {35: 504}}                                                                                                                                                                                                                                                              |
  | 41    | {35: {}}                                                                                                                                                                                                                                                                                     |
  | 42    | {35: {34: 2940, 36: 2940, 45: 2940}}                                                                                                                                                                                                                                                         |
  | 43    | {34: {33: 864}, 35: {33: 726}, 36: {33: 864}, 45: {33: 484}}                                                                                                                                                                                                                                 |
  | 44    | {33: {}}                                                                                                                                                                                                                                                                                     |
  | 45    | {33: {23: 2940, 32: 2940, 43: 2940}}                                                                                                                                                                                                                                                         |
  | 46    | {23: {22: 501}, 32: {22: 864}, 33: {22: 709}, 43: {22: 864}}                                                                                                                                                                                                                                 |
  | 47    | {22: {}}                                                                                                                                                                                                                                                                                     |
  | 48    | {22: {11: 2940, 12: 2940, 21: 2940, 23: 2940}}                                                                                                                                                                                                                                               |
  | 49    | {11: {31: 645}, 12: {31: 668}, 21: {31: 864}, 22: {31: 709}, 23: {31: 51}}                                                                                                                                                                                                                   |
  | 50    | {31: {}}                                                                                                                                                                                                                                                                                     |
  | 51    | {31: {4: 3920, 5: 3920, 11: 3920, 15: 3920, 16: 3920, 26: 3920, 27: 3920, 37: 3920, 38: 3920, 41: 3920, 42: 3920, 44: 3920, 45: 3920, 46: 3920, 51: 3920, 52: 3920, 53: 3920, 54: 3920, 55: 3920, 61: 3920, 62: 3920, 63: 3920, 64: 3920, 71: 3920, 72: 3920, 73: 3920, 81: 3920, 82: 3920}} |
  | 52    | {}                                                                                                                                                                                                                                                                                           |
  +-------+----------------------------------------------------------------------------------------------------------------------------------------------------------------------------------------------------------------------------------------------------------------------------------------------+

Communication Co-active Layers:
--------------------------------------------------
  No co-active layers detected for this model

Communication Co-active Traffic:
--------------------------------------------------
  Co-active Traffic Table:

  +----------+-----------+-------+-------+-------+-------+--------------------------+---------------+-------------------+
  | Sim Call | Time (μs) | Model | Input | Layer | Phase | Type                     | Next Layer    | Co-active Traffic |
  +----------+-----------+-------+-------+-------+-------+--------------------------+---------------+-------------------+
  | 1        | 0.00      | 1     | 0     | 0     | 105   | Weight Loading           | Next: Layer 0 | {}                |
  | 2        | 17523.00  | 1     | 0     | 21    | 43    | Activation Communication |               | {}                |
  | 3        | 17531.00  | 1     | 0     | 22    | 45    | Activation Communication |               | {}                |
  | 4        | 17539.00  | 1     | 0     | 24    | 49    | Activation Communication |               | {}                |
  | 5        | 17562.00  | 1     | 0     | 25    | 51    | Activation Communication |               | {}                |
  | 6        | 17598.00  | 1     | 0     | 30    | 61    | Activation Communication |               | {}                |
  | 7        | 17616.00  | 1     | 0     | 31    | 63    | Activation Communication |               | {}                |
  | 8        | 17641.00  | 1     | 0     | 33    | 67    | Activation Communication |               | {}                |
  | 9        | 17681.00  | 1     | 0     | 34    | 69    | Activation Communication |               | {}                |
  | 10       | 17717.00  | 1     | 0     | 36    | 73    | Activation Communication |               | {}                |
  | 11       | 17757.00  | 1     | 0     | 37    | 75    | Activation Communication |               | {}                |
  | 12       | 17793.00  | 1     | 0     | 39    | 79    | Activation Communication |               | {}                |
  | 13       | 17826.00  | 1     | 0     | 40    | 81    | Activation Communication |               | {}                |
  | 14       | 17839.00  | 1     | 0     | 42    | 85    | Activation Communication |               | {}                |
  | 15       | 17881.00  | 1     | 0     | 43    | 87    | Activation Communication |               | {}                |
  | 16       | 17898.00  | 1     | 0     | 45    | 91    | Activation Communication |               | {}                |
  | 17       | 17939.00  | 1     | 0     | 46    | 93    | Activation Communication |               | {}                |
  | 18       | 17956.00  | 1     | 0     | 48    | 97    | Activation Communication |               | {}                |
  | 19       | 18012.00  | 1     | 0     | 49    | 99    | Activation Communication |               | {}                |
  | 20       | 18029.00  | 1     | 0     | 51    | 103   | Activation Communication |               | {}                |
  +----------+-----------+-------+-------+-------+-------+--------------------------+---------------+-------------------+

Layer Energy per input:
--------------------------------------------------
  Energy Table:

  +-------+-------+---------------------+
  | Input | Layer | Compute Energy (fJ) |
  +-------+-------+---------------------+
  | 0     | 0     | 76214596005.79      |
  | 0     | 1     | 138703195147.86     |
  | 0     | 2     | 72716990736.76      |
  | 0     | 3     | 225219929523.72     |
  | 0     | 4     | 150252685892.99     |
  | 0     | 5     | 42901161804.27      |
  | 0     | 6     | 85146478490.89      |
  | 0     | 7     | 242172371780.32     |
  | 0     | 8     | 56439376523.03      |
  | 0     | 9     | 85146478490.89      |
  | 0     | 10    | 72049467646.41      |
  | 0     | 11    | 16110320615.42      |
  | 0     | 12    | 29711199029.43      |
  | 0     | 13    | 137193056541.40     |
  | 0     | 14    | 20000366288.44      |
  | 0     | 15    | 29711199029.43      |
  | 0     | 16    | 137258313536.29     |
  | 0     | 17    | 20000366288.44      |
  | 0     | 18    | 29711445654.50      |
  | 0     | 19    | 64339484879.09      |
  | 0     | 20    | 7834045513.73       |
  | 0     | 21    | 17651869144.84      |
  | 0     | 22    | 207504867489.43     |
  | 0     | 23    | 12774365032.61      |
  | 0     | 24    | 17651869144.84      |
  | 0     | 25    | 212308368745.96     |
  | 0     | 26    | 12774365032.61      |
  | 0     | 27    | 17651869144.84      |
  | 0     | 28    | 176481935926.97     |
  | 0     | 29    | 12774365032.61      |
  | 0     | 30    | 17651869144.84      |
  | 0     | 31    | 203903730699.10     |
  | 0     | 32    | 14735776721.93      |
  | 0     | 33    | 29417431571.10      |
  | 0     | 34    | 434497037002.33     |
  | 0     | 35    | 20150322349.47      |
  | 0     | 36    | 29417431571.10      |
  | 0     | 37    | 445332670866.03     |
  | 0     | 38    | 20150322349.47      |
  | 0     | 39    | 29417431571.10      |
  | 0     | 40    | 339909576789.57     |
  | 0     | 41    | 11926224481.81      |
  | 0     | 42    | 23025333200.49      |
  | 0     | 43    | 984388544571.80     |
  | 0     | 44    | 22209035029.71      |
  | 0     | 45    | 23025256130.15      |
  | 0     | 46    | 1002642267314.26    |
  | 0     | 47    | 22209035029.71      |
  | 0     | 48    | 23025333200.49      |
  | 0     | 49    | 980053653124.55     |
  | 0     | 50    | 31070358759.01      |
  | 0     | 51    | 54615986090.80      |
  | 0     | 52    | 4862185256952.79    |
  +-------+-------+---------------------+

Model Mapping:
--------------------------------------------------
  --- Total chiplets used ---
    Value: 45.00
  ---------------------------

  Mapping Table:

  +-------+---------+--------------------+
  | Layer | Chiplet | Percent            |
  +-------+---------+--------------------+
  | 0     | 2       | 100                |
  | 1     | 2       | 100                |
  | 2     | 2       | 100                |
  | 3     | 2       | 100                |
  | 4     | 2       | 100                |
  | 5     | 2       | 100                |
  | 6     | 2       | 100                |
  | 7     | 2       | 100                |
  | 8     | 2       | 100                |
  | 9     | 2       | 100                |
  | 10    | 2       | 100                |
  | 11    | 2       | 100                |
  | 12    | 2       | 100                |
  | 13    | 2       | 100                |
  | 14    | 2       | 100                |
  | 15    | 2       | 100                |
  | 16    | 2       | 100                |
  | 17    | 2       | 100                |
  | 18    | 2       | 100                |
  | 19    | 2       | 100                |
  | 20    | 2       | 100                |
  | 21    | 2       | 100                |
  | 22    | 2       | 11.90              |
  | 22    | 3       | 88.10              |
  | 23    | 3       | 100                |
  | 24    | 3       | 100                |
  | 25    | 3       | 80.95              |
  | 25    | 4       | 19.05              |
  | 26    | 13      | 100                |
  | 27    | 13      | 100                |
  | 28    | 13      | 100                |
  | 29    | 13      | 100                |
  | 30    | 13      | 100                |
  | 31    | 12      | 40.48              |
  | 31    | 13      | 59.52              |
  | 32    | 14      | 100                |
  | 33    | 14      | 100                |
  | 34    | 14      | 72.49              |
  | 34    | 15      | 27.51              |
  | 35    | 24      | 100                |
  | 36    | 24      | 100                |
  | 37    | 23      | 28.57              |
  | 37    | 24      | 71.43              |
  | 38    | 25      | 100                |
  | 39    | 25      | 100                |
  | 40    | 25      | 71.43              |
  | 40    | 26      | 28.57              |
  | 41    | 35      | 100                |
  | 42    | 35      | 100                |
  | 43    | 34      | 29.41              |
  | 43    | 35      | 24.71              |
  | 43    | 36      | 29.41              |
  | 43    | 45      | 16.47              |
  | 44    | 33      | 100                |
  | 45    | 33      | 100                |
  | 46    | 23      | 17.06              |
  | 46    | 32      | 29.41              |
  | 46    | 33      | 24.12              |
  | 46    | 43      | 29.41              |
  | 47    | 22      | 100                |
  | 48    | 22      | 100                |
  | 49    | 11      | 21.96              |
  | 49    | 12      | 22.75              |
  | 49    | 21      | 29.41              |
  | 49    | 22      | 24.12              |
  | 49    | 23      | 1.76               |
  | 50    | 31      | 100                |
  | 51    | 31      | 100                |
  | 52    | 4       | 3.42               |
  | 52    | 5       | 3.83               |
  | 52    | 11      | 0.97               |
  | 52    | 15      | 2.50               |
  | 52    | 16      | 3.83               |
  | 52    | 26      | 2.45               |
  | 52    | 27      | 3.83               |
  | 52    | 31      | 2.30               |
  | 52    | 37      | 3.83               |
  | 52    | 38      | 2.50               |
  | 52    | 41      | 3.83               |
  | 52    | 42      | 3.83               |
  | 52    | 44      | 3.83               |
  | 52    | 45      | 1.68               |
  | 52    | 46      | 3.83               |
  | 52    | 51      | 3.83               |
  | 52    | 52      | 3.83               |
  | 52    | 53      | 3.83               |
  | 52    | 54      | 3.83               |
  | 52    | 55      | 3.83               |
  | 52    | 61      | 3.83               |
  | 52    | 62      | 3.83               |
  | 52    | 63      | 3.83               |
  | 52    | 64      | 3.83               |
  | 52    | 71      | 3.83               |
  | 52    | 72      | 3.83               |
  | 52    | 73      | 3.83               |
  | 52    | 81      | 3.83               |
  | 52    | 82      | 3.83               |
  +-------+---------+--------------------+
