================================================================================
System Utilization Metrics
================================================================================


System-Wide Metrics:
--------------------------------------------------
  Time Step Used for Analysis: 1.00 μs
  Mean Per-Chiplet Compute Time Utilization (Method 1): 0.12 %
  Mean Per-Chiplet Activation Communication Time Utilization (Method 1): 2.82 %
  Mean Per-Chiplet Weight Loading Time Utilization (Method 1): 53.96 %
  Mean Per-Chiplet Combined Time Utilization (Method 1): 56.90 %

Total Compute Utilization (Method 1):
--------------------------------------------------
  Compute Time Based Utilization (Per Chiplet):

  +------------+-------------------------+------------------------+
  | Chiplet ID | Total Compute Time (μs) | Utilization (%)        |
  +------------+-------------------------+------------------------+
  | 2          | 73.41                   | 0.12                   |
  | 3          | 50.52                   | 0.08                   |
  | 4          | 27.55                   | 0.04                   |
  | 11         | 73.45                   | 0.12                   |
  | 12         | 73.50                   | 0.12                   |
  | 13         | 101.00                  | 0.16                   |
  | 21         | 110.18                  | 0.18                   |
  | 22         | 55.09                   | 0.09                   |
  | 31         | 73.50                   | 0.12                   |
  | 32         | 64.27                   | 0.10                   |
  | 33         | 45.91                   | 0.07                   |
  | 34         | 55.09                   | 0.09                   |
  | 41         | 73.50                   | 0.12                   |
  | 42         | 101.00                  | 0.16                   |
  | 43         | 101.00                  | 0.16                   |
  | 44         | 73.45                   | 0.12                   |
  | 51         | 73.45                   | 0.12                   |
  | 52         | 105.61                  | 0.17                   |
  | 53         | 110.23                  | 0.18                   |
  | 54         | 73.50                   | 0.12                   |
  | 55         | 27.55                   | 0.04                   |
  | 56         | 0.09                    | 0.00                   |
  | 57         | 55.09                   | 0.09                   |
  | 61         | 101.00                  | 0.16                   |
  | 62         | 73.50                   | 0.12                   |
  | 63         | 73.45                   | 0.12                   |
  | 64         | 101.00                  | 0.16                   |
  | 66         | 55.18                   | 0.09                   |
  | 67         | 73.45                   | 0.12                   |
  | 71         | 73.50                   | 0.12                   |
  | 72         | 55.09                   | 0.09                   |
  | 73         | 73.50                   | 0.12                   |
  | 74         | 64.27                   | 0.10                   |
  | 75         | 45.91                   | 0.07                   |
  | 76         | 55.09                   | 0.09                   |
  | 77         | 73.50                   | 0.12                   |
  | 81         | 64.27                   | 0.10                   |
  | 82         | 101.00                  | 0.16                   |
  | 83         | 110.18                  | 0.18                   |
  | 84         | 101.00                  | 0.16                   |
  | 85         | 73.50                   | 0.12                   |
  | 86         | 73.45                   | 0.12                   |
  | 87         | 101.00                  | 0.16                   |
  | 92         | 73.50                   | 0.12                   |
  | 93         | 64.27                   | 0.10                   |
  | 94         | 101.00                  | 0.16                   |
  +------------+-------------------------+------------------------+

Total Activation Communication Utilization (Method 1):
--------------------------------------------------
  Activation Communication Time Based Utilization (Per Chiplet):

  +------------+------------------------------------------+--------------------+
  | Chiplet ID | Total Activation Communication Time (μs) | Utilization (%)    |
  +------------+------------------------------------------+--------------------+
  | 2          | 1565.90                                  | 2.55               |
  | 3          | 2054.00                                  | 3.35               |
  | 4          | 1554.95                                  | 2.54               |
  | 11         | 3645.75                                  | 5.95               |
  | 12         | 1071.63                                  | 1.75               |
  | 13         | 630.40                                   | 1.03               |
  | 21         | 3656.27                                  | 5.96               |
  | 22         | 451.75                                   | 0.74               |
  | 31         | 937.67                                   | 1.53               |
  | 32         | 2208.94                                  | 3.60               |
  | 33         | 1744.07                                  | 2.84               |
  | 34         | 1775.58                                  | 2.90               |
  | 41         | 1050.62                                  | 1.71               |
  | 42         | 630.40                                   | 1.03               |
  | 43         | 1851.80                                  | 3.02               |
  | 44         | 2216.81                                  | 3.62               |
  | 51         | 2195.81                                  | 3.58               |
  | 52         | 4586.13                                  | 7.48               |
  | 53         | 3564.73                                  | 5.81               |
  | 54         | 1071.63                                  | 1.75               |
  | 55         | 393.97                                   | 0.64               |
  | 56         | 0.00                                     | 0.00               |
  | 57         | 1775.58                                  | 2.90               |
  | 61         | 630.40                                   | 1.03               |
  | 62         | 1071.63                                  | 1.75               |
  | 63         | 2216.81                                  | 3.62               |
  | 64         | 630.40                                   | 1.03               |
  | 66         | 472.80                                   | 0.77               |
  | 67         | 2216.81                                  | 3.62               |
  | 71         | 932.42                                   | 1.52               |
  | 72         | 2442.79                                  | 3.98               |
  | 73         | 937.67                                   | 1.53               |
  | 74         | 2208.94                                  | 3.60               |
  | 75         | 1744.07                                  | 2.84               |
  | 76         | 1775.58                                  | 2.90               |
  | 77         | 1071.63                                  | 1.75               |
  | 81         | 3555.55                                  | 5.80               |
  | 82         | 3539.80                                  | 5.77               |
  | 83         | 895.62                                   | 1.46               |
  | 84         | 630.40                                   | 1.03               |
  | 85         | 1071.63                                  | 1.75               |
  | 86         | 2216.81                                  | 3.62               |
  | 87         | 630.40                                   | 1.03               |
  | 92         | 937.67                                   | 1.53               |
  | 93         | 3585.31                                  | 5.85               |
  | 94         | 3572.19                                  | 5.83               |
  +------------+------------------------------------------+--------------------+

Total Weight Loading Utilization (Method 1):
--------------------------------------------------
  Weight Loading Time Based Utilization (Per Chiplet):

  +------------+--------------------------------+--------------------+
  | Chiplet ID | Total Weight Loading Time (μs) | Utilization (%)    |
  +------------+--------------------------------+--------------------+
  | 2          | 55336.79                       | 90.26              |
  | 3          | 41502.59                       | 67.69              |
  | 4          | 13834.20                       | 22.56              |
  | 11         | 27668.39                       | 45.13              |
  | 12         | 55336.79                       | 90.26              |
  | 13         | 27668.39                       | 45.13              |
  | 21         | 27668.39                       | 45.13              |
  | 22         | 13834.20                       | 22.56              |
  | 31         | 55336.79                       | 90.26              |
  | 32         | 27668.39                       | 45.13              |
  | 33         | 13834.20                       | 22.56              |
  | 34         | 13834.20                       | 22.56              |
  | 41         | 55336.79                       | 90.26              |
  | 42         | 27668.39                       | 45.13              |
  | 43         | 27668.39                       | 45.13              |
  | 44         | 27668.39                       | 45.13              |
  | 51         | 27668.39                       | 45.13              |
  | 52         | 55336.79                       | 90.26              |
  | 53         | 55336.79                       | 90.26              |
  | 54         | 55336.79                       | 90.26              |
  | 55         | 13834.20                       | 22.56              |
  | 56         | 13834.20                       | 22.56              |
  | 57         | 13834.20                       | 22.56              |
  | 61         | 27668.39                       | 45.13              |
  | 62         | 55336.79                       | 90.26              |
  | 63         | 27668.39                       | 45.13              |
  | 64         | 27668.39                       | 45.13              |
  | 66         | 27668.39                       | 45.13              |
  | 67         | 27668.39                       | 45.13              |
  | 71         | 55336.79                       | 90.26              |
  | 72         | 27668.39                       | 45.13              |
  | 73         | 55336.79                       | 90.26              |
  | 74         | 27668.39                       | 45.13              |
  | 75         | 13834.20                       | 22.56              |
  | 76         | 13834.20                       | 22.56              |
  | 77         | 55336.79                       | 90.26              |
  | 81         | 27668.39                       | 45.13              |
  | 82         | 27668.39                       | 45.13              |
  | 83         | 27668.39                       | 45.13              |
  | 84         | 27668.39                       | 45.13              |
  | 85         | 55336.79                       | 90.26              |
  | 86         | 27668.39                       | 45.13              |
  | 87         | 27668.39                       | 45.13              |
  | 92         | 55336.79                       | 90.26              |
  | 93         | 27668.39                       | 45.13              |
  | 94         | 27668.39                       | 45.13              |
  +------------+--------------------------------+--------------------+

Total Combined Utilization (Method 1):
--------------------------------------------------
  Combined Busy Time Based Utilization (Per Chiplet) - Compute + Activation Communication + Weight Loading:

  +------------+-------------------------------+--------------------+
  | Chiplet ID | Total Combined Busy Time (μs) | Utilization (%)    |
  +------------+-------------------------------+--------------------+
  | 2          | 56976.10                      | 92.93              |
  | 3          | 43607.11                      | 71.13              |
  | 4          | 15416.69                      | 25.15              |
  | 11         | 31387.60                      | 51.19              |
  | 12         | 56481.92                      | 92.13              |
  | 13         | 28399.79                      | 46.32              |
  | 21         | 31434.84                      | 51.27              |
  | 22         | 14341.04                      | 23.39              |
  | 31         | 56347.96                      | 91.91              |
  | 32         | 29941.61                      | 48.84              |
  | 33         | 15624.18                      | 25.48              |
  | 34         | 15664.87                      | 25.55              |
  | 41         | 56460.91                      | 92.09              |
  | 42         | 28399.79                      | 46.32              |
  | 43         | 29621.19                      | 48.31              |
  | 44         | 29958.66                      | 48.86              |
  | 51         | 29937.66                      | 48.83              |
  | 52         | 60028.53                      | 97.91              |
  | 53         | 59011.75                      | 96.25              |
  | 54         | 56481.92                      | 92.13              |
  | 55         | 14255.71                      | 23.25              |
  | 56         | 13834.29                      | 22.56              |
  | 57         | 15664.87                      | 25.55              |
  | 61         | 28399.79                      | 46.32              |
  | 62         | 56481.92                      | 92.13              |
  | 63         | 29958.66                      | 48.86              |
  | 64         | 28399.79                      | 46.32              |
  | 66         | 28196.38                      | 45.99              |
  | 67         | 29958.66                      | 48.86              |
  | 71         | 56342.71                      | 91.90              |
  | 72         | 30166.27                      | 49.20              |
  | 73         | 56347.96                      | 91.91              |
  | 74         | 29941.61                      | 48.84              |
  | 75         | 15624.18                      | 25.48              |
  | 76         | 15664.87                      | 25.55              |
  | 77         | 56481.92                      | 92.13              |
  | 81         | 31288.22                      | 51.03              |
  | 82         | 31309.19                      | 51.07              |
  | 83         | 28674.19                      | 46.77              |
  | 84         | 28399.79                      | 46.32              |
  | 85         | 56481.92                      | 92.13              |
  | 86         | 29958.66                      | 48.86              |
  | 87         | 28399.79                      | 46.32              |
  | 92         | 56347.96                      | 91.91              |
  | 93         | 31317.98                      | 51.08              |
  | 94         | 31341.58                      | 51.12              |
  +------------+-------------------------------+--------------------+
