================================================================================
Model 1: mobilenet_v3
================================================================================


Model Overall Times:
--------------------------------------------------
  Overall Times:
    Start: 0.00 μs
    End: 1698.00 μs
    Duration: 1698.00 μs

Input Start/End Times:
--------------------------------------------------
  Input Times Table:

  +-------+------------+--------------------+
  | Input | Start (μs) | End (μs)           |
  +-------+------------+--------------------+
  | 0     | 0.00       | 1698.00            |
  +-------+------------+--------------------+

Summed Time Per Input:
--------------------------------------------------
  Summed Time Table:

  +-------+-------------------+-------------------------------+---------------------+--------------------+
  | Input | Compute (μs)      | Activation Communication (μs) | Weight Loading (μs) | Total (μs)         |
  +-------+-------------------+-------------------------------+---------------------+--------------------+
  | 0     | 7.70              | 15.33                         | 1674.97             | 1698.00            |
  +-------+-------------------+-------------------------------+---------------------+--------------------+

Layer Latency per input:
--------------------------------------------------
  Latency Table:

  +-------+-------+-----------------------+------------------------------+
  | Input | Layer | Compute Latency (μs)  | Activation Comm Latency (μs) |
  +-------+-------+-----------------------+------------------------------+
  | 0     | 0     | 0.52                  | -1                           |
  | 0     | 1     | 0.52                  | -1                           |
  | 0     | 2     | 0.52                  | -1                           |
  | 0     | 3     | 0.52                  | -1                           |
  | 0     | 4     | 0.26                  | -1                           |
  | 0     | 5     | 0.26                  | -1                           |
  | 0     | 6     | 0.26                  | -1                           |
  | 0     | 7     | 0.26                  | -1                           |
  | 0     | 8     | 0.26                  | -1                           |
  | 0     | 9     | 0.26                  | -1                           |
  | 0     | 10    | 0.13                  | -1                           |
  | 0     | 11    | 0.00                  | -1                           |
  | 0     | 12    | 0.00                  | -1                           |
  | 0     | 13    | 0.13                  | -1                           |
  | 0     | 14    | 0.13                  | -1                           |
  | 0     | 15    | 0.13                  | -1                           |
  | 0     | 16    | 0.00                  | -1                           |
  | 0     | 17    | 0.00                  | -1                           |
  | 0     | 18    | 0.13                  | -1                           |
  | 0     | 19    | 0.13                  | -1                           |
  | 0     | 20    | 0.13                  | -1                           |
  | 0     | 21    | 0.00                  | -1                           |
  | 0     | 22    | 0.00                  | -1                           |
  | 0     | 23    | 0.13                  | -1                           |
  | 0     | 24    | 0.13                  | -1                           |
  | 0     | 25    | 0.07                  | -1                           |
  | 0     | 26    | 0.07                  | -1                           |
  | 0     | 27    | 0.07                  | -1                           |
  | 0     | 28    | 0.07                  | -1                           |
  | 0     | 29    | 0.07                  | -1                           |
  | 0     | 30    | 0.07                  | -1                           |
  | 0     | 31    | 0.07                  | -1                           |
  | 0     | 32    | 0.07                  | -1                           |
  | 0     | 33    | 0.07                  | -1                           |
  | 0     | 34    | 0.07                  | -1                           |
  | 0     | 35    | 0.07                  | -1                           |
  | 0     | 36    | 0.13                  | -1                           |
  | 0     | 37    | 0.07                  | -1                           |
  | 0     | 38    | 0.00                  | -1                           |
  | 0     | 39    | 0.00                  | -1                           |
  | 0     | 40    | 0.13                  | -1                           |
  | 0     | 41    | 0.26                  | -1                           |
  | 0     | 42    | 0.07                  | -1                           |
  | 0     | 43    | 0.00                  | -1                           |
  | 0     | 44    | 0.00                  | -1                           |
  | 0     | 45    | 0.26                  | -1                           |
  | 0     | 46    | 0.26                  | -1                           |
  | 0     | 47    | 0.03                  | -1                           |
  | 0     | 48    | 0.00                  | 0.05                         |
  | 0     | 49    | 0.00                  | 0.19                         |
  | 0     | 50    | 0.13                  | -1                           |
  | 0     | 51    | 0.13                  | -1                           |
  | 0     | 52    | 0.03                  | -1                           |
  | 0     | 53    | 0.00                  | -1                           |
  | 0     | 54    | 0.00                  | -1                           |
  | 0     | 55    | 0.13                  | -1                           |
  | 0     | 56    | 0.13                  | -1                           |
  | 0     | 57    | 0.03                  | -1                           |
  | 0     | 58    | 0.00                  | -1                           |
  | 0     | 59    | 0.00                  | -1                           |
  | 0     | 60    | 0.13                  | -1                           |
  | 0     | 61    | 0.13                  | 14.70                        |
  | 0     | 62    | 0.01                  | 0.39                         |
  | 0     | 63    | 0.01                  | -1                           |
  +-------+-------+-----------------------+------------------------------+

Phase Execution Schedule:
--------------------------------------------------
  Phase Schedule Table:

  +-------+----------+--------------------------+---------------------------------------------------------------------------------------------------------------------------------------------------------------------------------------------------------------------------------------------------------------+--------------------+-----------------------+--------------------+
  | Input | Phase ID | Type                     | Description                                                                                                                                                                                                                                                   | Start (μs)         | Duration (μs)         | Completion (μs)    |
  +-------+----------+--------------------------+---------------------------------------------------------------------------------------------------------------------------------------------------------------------------------------------------------------------------------------------------------------+--------------------+-----------------------+--------------------+
  | 0     | 127      | Weight Loading           | Layers [0, 1, 2, 3, 4, 5, 6, 7, 8, 9, 10, 11, 12, 13, 14, 15, 16, 17, 18, 19, 20, 21, 22, 23, 24, 25, 26, 27, 28, 29, 30, 31, 32, 33, 34, 35, 36, 37, 38, 39, 40, 41, 42, 43, 44, 45, 46, 47, 48, 49, 50, 51, 52, 53, 54, 55, 56, 57, 58, 59, 60, 61, 62, 63] | 0.00               | 1674.97               | 1674.97            |
  | 0     | 0        | Compute                  | Layer 0                                                                                                                                                                                                                                                       | 1674.97            | 0.52                  | 1675.49            |
  | 0     | 1        | Activation Communication | Layer 0                                                                                                                                                                                                                                                       | 1675.49            | 0                     | 1675.49            |
  | 0     | 2        | Compute                  | Layer 1                                                                                                                                                                                                                                                       | 1675.49            | 0.52                  | 1676.01            |
  | 0     | 3        | Activation Communication | Layer 1                                                                                                                                                                                                                                                       | 1676.01            | 0                     | 1676.01            |
  | 0     | 4        | Compute                  | Layer 2                                                                                                                                                                                                                                                       | 1676.01            | 0.52                  | 1676.53            |
  | 0     | 5        | Activation Communication | Layer 2                                                                                                                                                                                                                                                       | 1676.53            | 0                     | 1676.53            |
  | 0     | 6        | Compute                  | Layer 3                                                                                                                                                                                                                                                       | 1676.53            | 0.52                  | 1677.05            |
  | 0     | 7        | Activation Communication | Layer 3                                                                                                                                                                                                                                                       | 1677.05            | 0                     | 1677.05            |
  | 0     | 8        | Compute                  | Layer 4                                                                                                                                                                                                                                                       | 1677.05            | 0.26                  | 1677.31            |
  | 0     | 9        | Activation Communication | Layer 4                                                                                                                                                                                                                                                       | 1677.31            | 0                     | 1677.31            |
  | 0     | 10       | Compute                  | Layer 5                                                                                                                                                                                                                                                       | 1677.31            | 0.26                  | 1677.58            |
  | 0     | 11       | Activation Communication | Layer 5                                                                                                                                                                                                                                                       | 1677.58            | 0                     | 1677.58            |
  | 0     | 12       | Compute                  | Layer 6                                                                                                                                                                                                                                                       | 1677.58            | 0.26                  | 1677.84            |
  | 0     | 13       | Activation Communication | Layer 6                                                                                                                                                                                                                                                       | 1677.84            | 0                     | 1677.84            |
  | 0     | 14       | Compute                  | Layer 7                                                                                                                                                                                                                                                       | 1677.84            | 0.26                  | 1678.10            |
  | 0     | 15       | Activation Communication | Layer 7                                                                                                                                                                                                                                                       | 1678.10            | 0                     | 1678.10            |
  | 0     | 16       | Compute                  | Layer 8                                                                                                                                                                                                                                                       | 1678.10            | 0.26                  | 1678.36            |
  | 0     | 17       | Activation Communication | Layer 8                                                                                                                                                                                                                                                       | 1678.36            | 0                     | 1678.36            |
  | 0     | 18       | Compute                  | Layer 9                                                                                                                                                                                                                                                       | 1678.36            | 0.26                  | 1678.62            |
  | 0     | 19       | Activation Communication | Layer 9                                                                                                                                                                                                                                                       | 1678.62            | 0                     | 1678.62            |
  | 0     | 20       | Compute                  | Layer 10                                                                                                                                                                                                                                                      | 1678.62            | 0.13                  | 1678.75            |
  | 0     | 21       | Activation Communication | Layer 10                                                                                                                                                                                                                                                      | 1678.75            | 0                     | 1678.75            |
  | 0     | 22       | Compute                  | Layer 11                                                                                                                                                                                                                                                      | 1678.75            | 0.00                  | 1678.75            |
  | 0     | 23       | Activation Communication | Layer 11                                                                                                                                                                                                                                                      | 1678.75            | 0                     | 1678.75            |
  | 0     | 24       | Compute                  | Layer 12                                                                                                                                                                                                                                                      | 1678.75            | 0.00                  | 1678.76            |
  | 0     | 25       | Activation Communication | Layer 12                                                                                                                                                                                                                                                      | 1678.76            | 0                     | 1678.76            |
  | 0     | 26       | Compute                  | Layer 13                                                                                                                                                                                                                                                      | 1678.76            | 0.13                  | 1678.89            |
  | 0     | 27       | Activation Communication | Layer 13                                                                                                                                                                                                                                                      | 1678.89            | 0                     | 1678.89            |
  | 0     | 28       | Compute                  | Layer 14                                                                                                                                                                                                                                                      | 1678.89            | 0.13                  | 1679.02            |
  | 0     | 29       | Activation Communication | Layer 14                                                                                                                                                                                                                                                      | 1679.02            | 0                     | 1679.02            |
  | 0     | 30       | Compute                  | Layer 15                                                                                                                                                                                                                                                      | 1679.02            | 0.13                  | 1679.15            |
  | 0     | 31       | Activation Communication | Layer 15                                                                                                                                                                                                                                                      | 1679.15            | 0                     | 1679.15            |
  | 0     | 32       | Compute                  | Layer 16                                                                                                                                                                                                                                                      | 1679.15            | 0.00                  | 1679.16            |
  | 0     | 33       | Activation Communication | Layer 16                                                                                                                                                                                                                                                      | 1679.16            | 0                     | 1679.16            |
  | 0     | 34       | Compute                  | Layer 17                                                                                                                                                                                                                                                      | 1679.16            | 0.00                  | 1679.16            |
  | 0     | 35       | Activation Communication | Layer 17                                                                                                                                                                                                                                                      | 1679.16            | 0                     | 1679.16            |
  | 0     | 36       | Compute                  | Layer 18                                                                                                                                                                                                                                                      | 1679.16            | 0.13                  | 1679.29            |
  | 0     | 37       | Activation Communication | Layer 18                                                                                                                                                                                                                                                      | 1679.29            | 0                     | 1679.29            |
  | 0     | 38       | Compute                  | Layer 19                                                                                                                                                                                                                                                      | 1679.29            | 0.13                  | 1679.42            |
  | 0     | 39       | Activation Communication | Layer 19                                                                                                                                                                                                                                                      | 1679.42            | 0                     | 1679.42            |
  | 0     | 40       | Compute                  | Layer 20                                                                                                                                                                                                                                                      | 1679.42            | 0.13                  | 1679.55            |
  | 0     | 41       | Activation Communication | Layer 20                                                                                                                                                                                                                                                      | 1679.55            | 0                     | 1679.55            |
  | 0     | 42       | Compute                  | Layer 21                                                                                                                                                                                                                                                      | 1679.55            | 0.00                  | 1679.56            |
  | 0     | 43       | Activation Communication | Layer 21                                                                                                                                                                                                                                                      | 1679.56            | 0                     | 1679.56            |
  | 0     | 44       | Compute                  | Layer 22                                                                                                                                                                                                                                                      | 1679.56            | 0.00                  | 1679.56            |
  | 0     | 45       | Activation Communication | Layer 22                                                                                                                                                                                                                                                      | 1679.56            | 0                     | 1679.56            |
  | 0     | 46       | Compute                  | Layer 23                                                                                                                                                                                                                                                      | 1679.56            | 0.13                  | 1679.69            |
  | 0     | 47       | Activation Communication | Layer 23                                                                                                                                                                                                                                                      | 1679.69            | 0                     | 1679.69            |
  | 0     | 48       | Compute                  | Layer 24                                                                                                                                                                                                                                                      | 1679.69            | 0.13                  | 1679.82            |
  | 0     | 49       | Activation Communication | Layer 24                                                                                                                                                                                                                                                      | 1679.82            | 0                     | 1679.82            |
  | 0     | 50       | Compute                  | Layer 25                                                                                                                                                                                                                                                      | 1679.82            | 0.07                  | 1679.89            |
  | 0     | 51       | Activation Communication | Layer 25                                                                                                                                                                                                                                                      | 1679.89            | 0                     | 1679.89            |
  | 0     | 52       | Compute                  | Layer 26                                                                                                                                                                                                                                                      | 1679.89            | 0.07                  | 1679.95            |
  | 0     | 53       | Activation Communication | Layer 26                                                                                                                                                                                                                                                      | 1679.95            | 0                     | 1679.95            |
  | 0     | 54       | Compute                  | Layer 27                                                                                                                                                                                                                                                      | 1679.95            | 0.07                  | 1680.02            |
  | 0     | 55       | Activation Communication | Layer 27                                                                                                                                                                                                                                                      | 1680.02            | 0                     | 1680.02            |
  | 0     | 56       | Compute                  | Layer 28                                                                                                                                                                                                                                                      | 1680.02            | 0.07                  | 1680.08            |
  | 0     | 57       | Activation Communication | Layer 28                                                                                                                                                                                                                                                      | 1680.08            | 0                     | 1680.08            |
  | 0     | 58       | Compute                  | Layer 29                                                                                                                                                                                                                                                      | 1680.08            | 0.07                  | 1680.15            |
  | 0     | 59       | Activation Communication | Layer 29                                                                                                                                                                                                                                                      | 1680.15            | 0                     | 1680.15            |
  | 0     | 60       | Compute                  | Layer 30                                                                                                                                                                                                                                                      | 1680.15            | 0.07                  | 1680.21            |
  | 0     | 61       | Activation Communication | Layer 30                                                                                                                                                                                                                                                      | 1680.21            | 0                     | 1680.21            |
  | 0     | 62       | Compute                  | Layer 31                                                                                                                                                                                                                                                      | 1680.21            | 0.07                  | 1680.28            |
  | 0     | 63       | Activation Communication | Layer 31                                                                                                                                                                                                                                                      | 1680.28            | 0                     | 1680.28            |
  | 0     | 64       | Compute                  | Layer 32                                                                                                                                                                                                                                                      | 1680.28            | 0.07                  | 1680.34            |
  | 0     | 65       | Activation Communication | Layer 32                                                                                                                                                                                                                                                      | 1680.34            | 0                     | 1680.34            |
  | 0     | 66       | Compute                  | Layer 33                                                                                                                                                                                                                                                      | 1680.34            | 0.07                  | 1680.41            |
  | 0     | 67       | Activation Communication | Layer 33                                                                                                                                                                                                                                                      | 1680.41            | 0                     | 1680.41            |
  | 0     | 68       | Compute                  | Layer 34                                                                                                                                                                                                                                                      | 1680.41            | 0.07                  | 1680.47            |
  | 0     | 69       | Activation Communication | Layer 34                                                                                                                                                                                                                                                      | 1680.47            | 0                     | 1680.47            |
  | 0     | 70       | Compute                  | Layer 35                                                                                                                                                                                                                                                      | 1680.47            | 0.07                  | 1680.54            |
  | 0     | 71       | Activation Communication | Layer 35                                                                                                                                                                                                                                                      | 1680.54            | 0                     | 1680.54            |
  | 0     | 72       | Compute                  | Layer 36                                                                                                                                                                                                                                                      | 1680.54            | 0.13                  | 1680.67            |
  | 0     | 73       | Activation Communication | Layer 36                                                                                                                                                                                                                                                      | 1680.67            | 0                     | 1680.67            |
  | 0     | 74       | Compute                  | Layer 37                                                                                                                                                                                                                                                      | 1680.67            | 0.07                  | 1680.74            |
  | 0     | 75       | Activation Communication | Layer 37                                                                                                                                                                                                                                                      | 1680.74            | 0                     | 1680.74            |
  | 0     | 76       | Compute                  | Layer 38                                                                                                                                                                                                                                                      | 1680.74            | 0.00                  | 1680.74            |
  | 0     | 77       | Activation Communication | Layer 38                                                                                                                                                                                                                                                      | 1680.74            | 0                     | 1680.74            |
  | 0     | 78       | Compute                  | Layer 39                                                                                                                                                                                                                                                      | 1680.74            | 0.00                  | 1680.74            |
  | 0     | 79       | Activation Communication | Layer 39                                                                                                                                                                                                                                                      | 1680.74            | 0                     | 1680.74            |
  | 0     | 80       | Compute                  | Layer 40                                                                                                                                                                                                                                                      | 1680.74            | 0.13                  | 1680.87            |
  | 0     | 81       | Activation Communication | Layer 40                                                                                                                                                                                                                                                      | 1680.87            | 0                     | 1680.87            |
  | 0     | 82       | Compute                  | Layer 41                                                                                                                                                                                                                                                      | 1680.87            | 0.26                  | 1681.14            |
  | 0     | 83       | Activation Communication | Layer 41                                                                                                                                                                                                                                                      | 1681.14            | 0                     | 1681.14            |
  | 0     | 84       | Compute                  | Layer 42                                                                                                                                                                                                                                                      | 1681.14            | 0.07                  | 1681.20            |
  | 0     | 85       | Activation Communication | Layer 42                                                                                                                                                                                                                                                      | 1681.20            | 0                     | 1681.20            |
  | 0     | 86       | Compute                  | Layer 43                                                                                                                                                                                                                                                      | 1681.20            | 0.00                  | 1681.21            |
  | 0     | 87       | Activation Communication | Layer 43                                                                                                                                                                                                                                                      | 1681.21            | 0                     | 1681.21            |
  | 0     | 88       | Compute                  | Layer 44                                                                                                                                                                                                                                                      | 1681.21            | 0.00                  | 1681.21            |
  | 0     | 89       | Activation Communication | Layer 44                                                                                                                                                                                                                                                      | 1681.21            | 0                     | 1681.21            |
  | 0     | 90       | Compute                  | Layer 45                                                                                                                                                                                                                                                      | 1681.21            | 0.26                  | 1681.47            |
  | 0     | 91       | Activation Communication | Layer 45                                                                                                                                                                                                                                                      | 1681.47            | 0                     | 1681.47            |
  | 0     | 92       | Compute                  | Layer 46                                                                                                                                                                                                                                                      | 1681.47            | 0.26                  | 1681.73            |
  | 0     | 93       | Activation Communication | Layer 46                                                                                                                                                                                                                                                      | 1681.73            | 0                     | 1681.73            |
  | 0     | 94       | Compute                  | Layer 47                                                                                                                                                                                                                                                      | 1681.73            | 0.03                  | 1681.77            |
  | 0     | 95       | Activation Communication | Layer 47                                                                                                                                                                                                                                                      | 1681.77            | 0                     | 1681.77            |
  | 0     | 96       | Compute                  | Layer 48                                                                                                                                                                                                                                                      | 1681.77            | 0.00                  | 1681.77            |
  | 0     | 97       | Activation Communication | Layer 48                                                                                                                                                                                                                                                      | 1681.77            | 0.05                  | 1681.82            |
  | 0     | 98       | Compute                  | Layer 49                                                                                                                                                                                                                                                      | 1681.82            | 0.00                  | 1681.82            |
  | 0     | 99       | Activation Communication | Layer 49                                                                                                                                                                                                                                                      | 1681.82            | 0.19                  | 1682.02            |
  | 0     | 100      | Compute                  | Layer 50                                                                                                                                                                                                                                                      | 1682.02            | 0.13                  | 1682.15            |
  | 0     | 101      | Activation Communication | Layer 50                                                                                                                                                                                                                                                      | 1682.15            | 0                     | 1682.15            |
  | 0     | 102      | Compute                  | Layer 51                                                                                                                                                                                                                                                      | 1682.15            | 0.13                  | 1682.28            |
  | 0     | 103      | Activation Communication | Layer 51                                                                                                                                                                                                                                                      | 1682.28            | 0                     | 1682.28            |
  | 0     | 104      | Compute                  | Layer 52                                                                                                                                                                                                                                                      | 1682.28            | 0.03                  | 1682.31            |
  | 0     | 105      | Activation Communication | Layer 52                                                                                                                                                                                                                                                      | 1682.31            | 0                     | 1682.31            |
  | 0     | 106      | Compute                  | Layer 53                                                                                                                                                                                                                                                      | 1682.31            | 0.00                  | 1682.31            |
  | 0     | 107      | Activation Communication | Layer 53                                                                                                                                                                                                                                                      | 1682.31            | 0                     | 1682.31            |
  | 0     | 108      | Compute                  | Layer 54                                                                                                                                                                                                                                                      | 1682.31            | 0.00                  | 1682.32            |
  | 0     | 109      | Activation Communication | Layer 54                                                                                                                                                                                                                                                      | 1682.32            | 0                     | 1682.32            |
  | 0     | 110      | Compute                  | Layer 55                                                                                                                                                                                                                                                      | 1682.32            | 0.13                  | 1682.45            |
  | 0     | 111      | Activation Communication | Layer 55                                                                                                                                                                                                                                                      | 1682.45            | 0                     | 1682.45            |
  | 0     | 112      | Compute                  | Layer 56                                                                                                                                                                                                                                                      | 1682.45            | 0.13                  | 1682.58            |
  | 0     | 113      | Activation Communication | Layer 56                                                                                                                                                                                                                                                      | 1682.58            | 0                     | 1682.58            |
  | 0     | 114      | Compute                  | Layer 57                                                                                                                                                                                                                                                      | 1682.58            | 0.03                  | 1682.61            |
  | 0     | 115      | Activation Communication | Layer 57                                                                                                                                                                                                                                                      | 1682.61            | 0                     | 1682.61            |
  | 0     | 116      | Compute                  | Layer 58                                                                                                                                                                                                                                                      | 1682.61            | 0.00                  | 1682.62            |
  | 0     | 117      | Activation Communication | Layer 58                                                                                                                                                                                                                                                      | 1682.62            | 0                     | 1682.62            |
  | 0     | 118      | Compute                  | Layer 59                                                                                                                                                                                                                                                      | 1682.62            | 0.00                  | 1682.62            |
  | 0     | 119      | Activation Communication | Layer 59                                                                                                                                                                                                                                                      | 1682.62            | 0                     | 1682.62            |
  | 0     | 120      | Compute                  | Layer 60                                                                                                                                                                                                                                                      | 1682.62            | 0.13                  | 1682.75            |
  | 0     | 121      | Activation Communication | Layer 60                                                                                                                                                                                                                                                      | 1682.75            | 0                     | 1682.75            |
  | 0     | 122      | Compute                  | Layer 61                                                                                                                                                                                                                                                      | 1682.75            | 0.13                  | 1682.88            |
  | 0     | 123      | Activation Communication | Layer 61                                                                                                                                                                                                                                                      | 1682.88            | 14.70                 | 1697.58            |
  | 0     | 124      | Compute                  | Layer 62                                                                                                                                                                                                                                                      | 1697.58            | 0.01                  | 1697.60            |
  | 0     | 125      | Activation Communication | Layer 62                                                                                                                                                                                                                                                      | 1697.60            | 0.39                  | 1697.98            |
  | 0     | 126      | Compute                  | Layer 63                                                                                                                                                                                                                                                      | 1697.98            | 0.01                  | 1698.00            |
  +-------+----------+--------------------------+---------------------------------------------------------------------------------------------------------------------------------------------------------------------------------------------------------------------------------------------------------------+--------------------+-----------------------+--------------------+

Weight Loading Schedule:
--------------------------------------------------
  Weight Loading Schedule Table:

  +-------+-------+------------+--------------------+--------------------+--------------------+
  | Input | Op ID | Start (μs) | Duration (μs)      | Completion (μs)    | Next Compute Layer |
  +-------+-------+------------+--------------------+--------------------+--------------------+
  | 0     | 127   | 0.00       | 1674.97            | 1674.97            | Input 0, Layer 0   |
  +-------+-------+------------+--------------------+--------------------+--------------------+

Weight Loading Traffic (bytes):
--------------------------------------------------
  Weight Loading Traffic Table:

  +-------+-------+------------------------------------------------------------+
  | Input | Op ID | Traffic                                                    |
  +-------+-------+------------------------------------------------------------+
  | 0     | 127   | {1: {2: 64589, 3: 1282, 12: 120002, 11: 147120, 21: 2000}} |
  +-------+-------+------------------------------------------------------------+

Activation Communication Traffic (bytes):
--------------------------------------------------
  Activation Communication Traffic Table:

  +-------+------------------------------------+
  | Layer | Traffic                            |
  +-------+------------------------------------+
  | 0     | {2: {}}                            |
  | 1     | {2: {}}                            |
  | 2     | {2: {}}                            |
  | 3     | {2: {}}                            |
  | 4     | {2: {}}                            |
  | 5     | {2: {}}                            |
  | 6     | {2: {}}                            |
  | 7     | {2: {}}                            |
  | 8     | {2: {}}                            |
  | 9     | {2: {}}                            |
  | 10    | {2: {}}                            |
  | 11    | {2: {}}                            |
  | 12    | {2: {}}                            |
  | 13    | {2: {}}                            |
  | 14    | {2: {}}                            |
  | 15    | {2: {}}                            |
  | 16    | {2: {}}                            |
  | 17    | {2: {}}                            |
  | 18    | {2: {}}                            |
  | 19    | {2: {}}                            |
  | 20    | {2: {}}                            |
  | 21    | {2: {}}                            |
  | 22    | {2: {}}                            |
  | 23    | {2: {}}                            |
  | 24    | {2: {}}                            |
  | 25    | {2: {}}                            |
  | 26    | {2: {}}                            |
  | 27    | {2: {}}                            |
  | 28    | {2: {}}                            |
  | 29    | {2: {}}                            |
  | 30    | {2: {}}                            |
  | 31    | {2: {}}                            |
  | 32    | {2: {}}                            |
  | 33    | {2: {}}                            |
  | 34    | {2: {}}                            |
  | 35    | {2: {}}                            |
  | 36    | {2: {}}                            |
  | 37    | {2: {}}                            |
  | 38    | {2: {}}                            |
  | 39    | {2: {}}                            |
  | 40    | {2: {}}                            |
  | 41    | {2: {}}                            |
  | 42    | {2: {}}                            |
  | 43    | {2: {}}                            |
  | 44    | {2: {}}                            |
  | 45    | {2: {}}                            |
  | 46    | {2: {}}                            |
  | 47    | {2: {}}                            |
  | 48    | {2: {3: 10}}                       |
  | 49    | {2: {12: 34}, 3: {12: 7}}          |
  | 50    | {12: {}}                           |
  | 51    | {12: {}}                           |
  | 52    | {12: {}}                           |
  | 53    | {12: {}}                           |
  | 54    | {12: {}}                           |
  | 55    | {12: {}}                           |
  | 56    | {12: {}}                           |
  | 57    | {12: {}}                           |
  | 58    | {12: {}}                           |
  | 59    | {12: {}}                           |
  | 60    | {12: {}}                           |
  | 61    | {12: {11: 2940}}                   |
  | 62    | {11: {21: 72}, 12: {11: 8, 21: 8}} |
  | 63    | {}                                 |
  +-------+------------------------------------+

Communication Co-active Layers:
--------------------------------------------------
  No co-active layers detected for this model

Communication Co-active Traffic:
--------------------------------------------------
  Co-active Traffic Table:

  +----------+-----------+-------+-------+-------+-------+--------------------------+---------------+-------------------+
  | Sim Call | Time (μs) | Model | Input | Layer | Phase | Type                     | Next Layer    | Co-active Traffic |
  +----------+-----------+-------+-------+-------+-------+--------------------------+---------------+-------------------+
  | 1        | 0.00      | 1     | 0     | 0     | 127   | Weight Loading           | Next: Layer 0 | {}                |
  | 2        | 1822.00   | 1     | 0     | 48    | 97    | Activation Communication |               | {}                |
  | 3        | 1826.00   | 1     | 0     | 49    | 99    | Activation Communication |               | {}                |
  | 4        | 1863.00   | 1     | 0     | 61    | 123   | Activation Communication |               | {}                |
  | 5        | 1867.00   | 1     | 0     | 62    | 125   | Activation Communication |               | {}                |
  +----------+-----------+-------+-------+-------+-------+--------------------------+---------------+-------------------+

Layer Energy per input:
--------------------------------------------------
  Energy Table:

  +-------+-------+---------------------+
  | Input | Layer | Compute Energy (fJ) |
  +-------+-------+---------------------+
  | 0     | 0     | 40560567027.50      |
  | 0     | 1     | 3895467744.56       |
  | 0     | 2     | 53902493993.66      |
  | 0     | 3     | 157027970945.38     |
  | 0     | 4     | 969200621.13        |
  | 0     | 5     | 32762493784.82      |
  | 0     | 6     | 46472724524.04      |
  | 0     | 7     | 966897759.49        |
  | 0     | 8     | 35512973153.80      |
  | 0     | 9     | 46472141872.30      |
  | 0     | 10    | 306333371.19        |
  | 0     | 11    | 199696685.73        |
  | 0     | 12    | 154513542.02        |
  | 0     | 13    | 11631667437.90      |
  | 0     | 14    | 20671333466.11      |
  | 0     | 15    | 306789370.68        |
  | 0     | 16    | 312869590.79        |
  | 0     | 17    | 318884826.32        |
  | 0     | 18    | 15611209265.97      |
  | 0     | 19    | 20673414365.18      |
  | 0     | 20    | 306093931.32        |
  | 0     | 21    | 312881269.31        |
  | 0     | 22    | 318887224.93        |
  | 0     | 23    | 15612507901.13      |
  | 0     | 24    | 37626558834.28      |
  | 0     | 25    | 70688444.94         |
  | 0     | 26    | 10377640201.42      |
  | 0     | 27    | 11090528927.74      |
  | 0     | 28    | 70599956.15         |
  | 0     | 29    | 9070219984.90       |
  | 0     | 30    | 10216661014.28      |
  | 0     | 31    | 70649146.29         |
  | 0     | 32    | 8297755053.92       |
  | 0     | 33    | 10216926906.94      |
  | 0     | 34    | 70700027.17         |
  | 0     | 35    | 8300377050.97       |
  | 0     | 36    | 23437590134.78      |
  | 0     | 37    | 70669129.79         |
  | 0     | 38    | 4582422075.80       |
  | 0     | 39    | 4614041419.78       |
  | 0     | 40    | 19670225639.18      |
  | 0     | 41    | 35183097318.21      |
  | 0     | 42    | 70687521.00         |
  | 0     | 43    | 9832031181.47       |
  | 0     | 44    | 9028602292.47       |
  | 0     | 45    | 24970506015.87      |
  | 0     | 46    | 35184003665.36      |
  | 0     | 47    | 40861442.76         |
  | 0     | 48    | 9832127134.04       |
  | 0     | 49    | 8172692284.88       |
  | 0     | 50    | 14657648441.43      |
  | 0     | 51    | 23180514322.02      |
  | 0     | 52    | 40836451.35         |
  | 0     | 53    | 18149261731.43      |
  | 0     | 54    | 18159320000.10      |
  | 0     | 55    | 22247882332.57      |
  | 0     | 56    | 23178086606.44      |
  | 0     | 57    | 40844404.25         |
  | 0     | 58    | 18149096580.71      |
  | 0     | 59    | 18159334155.88      |
  | 0     | 60    | 22255277231.31      |
  | 0     | 61    | 23179165591.14      |
  | 0     | 62    | 91106671853.57      |
  | 0     | 63    | 110294750864.20     |
  +-------+-------+---------------------+

Model Mapping:
--------------------------------------------------
  --- Total chiplets used ---
    Value: 5.00
  ---------------------------

  Mapping Table:

  +-------+---------+--------------------+
  | Layer | Chiplet | Percent            |
  +-------+---------+--------------------+
  | 0     | 2       | 100                |
  | 1     | 2       | 100                |
  | 2     | 2       | 100                |
  | 3     | 2       | 100                |
  | 4     | 2       | 100                |
  | 5     | 2       | 100                |
  | 6     | 2       | 100                |
  | 7     | 2       | 100                |
  | 8     | 2       | 100                |
  | 9     | 2       | 100                |
  | 10    | 2       | 100                |
  | 11    | 2       | 100                |
  | 12    | 2       | 100                |
  | 13    | 2       | 100                |
  | 14    | 2       | 100                |
  | 15    | 2       | 100                |
  | 16    | 2       | 100                |
  | 17    | 2       | 100                |
  | 18    | 2       | 100                |
  | 19    | 2       | 100                |
  | 20    | 2       | 100                |
  | 21    | 2       | 100                |
  | 22    | 2       | 100                |
  | 23    | 2       | 100                |
  | 24    | 2       | 100                |
  | 25    | 2       | 100                |
  | 26    | 2       | 100                |
  | 27    | 2       | 100                |
  | 28    | 2       | 100                |
  | 29    | 2       | 100                |
  | 30    | 2       | 100                |
  | 31    | 2       | 100                |
  | 32    | 2       | 100                |
  | 33    | 2       | 100                |
  | 34    | 2       | 100                |
  | 35    | 2       | 100                |
  | 36    | 2       | 100                |
  | 37    | 2       | 100                |
  | 38    | 2       | 100                |
  | 39    | 2       | 100                |
  | 40    | 2       | 100                |
  | 41    | 2       | 100                |
  | 42    | 2       | 100                |
  | 43    | 2       | 100                |
  | 44    | 2       | 100                |
  | 45    | 2       | 100                |
  | 46    | 2       | 100                |
  | 47    | 2       | 100                |
  | 48    | 2       | 100                |
  | 49    | 2       | 81.82              |
  | 49    | 3       | 18.18              |
  | 50    | 12      | 100                |
  | 51    | 12      | 100                |
  | 52    | 12      | 100                |
  | 53    | 12      | 100                |
  | 54    | 12      | 100                |
  | 55    | 12      | 100                |
  | 56    | 12      | 100                |
  | 57    | 12      | 100                |
  | 58    | 12      | 100                |
  | 59    | 12      | 100                |
  | 60    | 12      | 100                |
  | 61    | 12      | 100                |
  | 62    | 11      | 90.00              |
  | 62    | 12      | 10.00              |
  | 63    | 11      | 97.50              |
  | 63    | 21      | 2.50               |
  +-------+---------+--------------------+
