================================================================================
Model 1: mobilenet_v2
================================================================================


Model Overall Times:
--------------------------------------------------
  Overall Times:
    Start: 0.00 μs
    End: 23635.84 μs
    Duration: 23635.84 μs

Input Start/End Times:
--------------------------------------------------
  Input Times Table:

  +-------+------------+--------------------+
  | Input | Start (μs) | End (μs)           |
  +-------+------------+--------------------+
  | 0     | 0.00       | 23635.84           |
  +-------+------------+--------------------+

Summed Time Per Input:
--------------------------------------------------
  Summed Time Table:

  +-------+-------------------+-------------------------------+---------------------+--------------------+
  | Input | Compute (μs)      | Activation Communication (μs) | Weight Loading (μs) | Total (μs)         |
  +-------+-------------------+-------------------------------+---------------------+--------------------+
  | 0     | 4223.82           | 980.02                        | 18432.00            | 23635.84           |
  +-------+-------------------+-------------------------------+---------------------+--------------------+

Layer Latency per input:
--------------------------------------------------
  Latency Table:

  +-------+-------+----------------------+------------------------------+
  | Input | Layer | Compute Latency (μs) | Activation Comm Latency (μs) |
  +-------+-------+----------------------+------------------------------+
  | 0     | 0     | 10.84                | -1                           |
  | 0     | 1     | 115.61               | -1                           |
  | 0     | 2     | 6.42                 | -1                           |
  | 0     | 3     | 19.27                | -1                           |
  | 0     | 4     | 260.11               | -1                           |
  | 0     | 5     | 7.23                 | -1                           |
  | 0     | 6     | 10.84                | -1                           |
  | 0     | 7     | 585.25               | -1                           |
  | 0     | 8     | 10.84                | -1                           |
  | 0     | 9     | 10.84                | -1                           |
  | 0     | 10    | 146.31               | -1                           |
  | 0     | 11    | 3.61                 | -1                           |
  | 0     | 12    | 4.82                 | -1                           |
  | 0     | 13    | 260.11               | -1                           |
  | 0     | 14    | 4.82                 | -1                           |
  | 0     | 15    | 4.82                 | -1                           |
  | 0     | 16    | 260.11               | -1                           |
  | 0     | 17    | 4.82                 | -1                           |
  | 0     | 18    | 4.82                 | -1                           |
  | 0     | 19    | 65.03                | -1                           |
  | 0     | 20    | 2.41                 | -1                           |
  | 0     | 21    | 4.82                 | 23.52                        |
  | 0     | 22    | 178.18               | 20.55                        |
  | 0     | 23    | 4.82                 | -1                           |
  | 0     | 24    | 4.82                 | -1                           |
  | 0     | 25    | 260.11               | -1                           |
  | 0     | 26    | 4.82                 | -1                           |
  | 0     | 27    | 4.82                 | 23.52                        |
  | 0     | 28    | 202.31               | 21.43                        |
  | 0     | 29    | 4.82                 | -1                           |
  | 0     | 30    | 4.82                 | -1                           |
  | 0     | 31    | 260.11               | -1                           |
  | 0     | 32    | 7.23                 | -1                           |
  | 0     | 33    | 10.84                | 35.28                        |
  | 0     | 34    | 391.37               | 11.69                        |
  | 0     | 35    | 10.84                | -1                           |
  | 0     | 36    | 10.84                | 70.56                        |
  | 0     | 37    | 481.69               | 32.78                        |
  | 0     | 38    | 10.84                | -1                           |
  | 0     | 39    | 10.84                | 35.28                        |
  | 0     | 40    | 115.00               | 8.06                         |
  | 0     | 41    | 4.52                 | -1                           |
  | 0     | 42    | 7.53                 | 44.10                        |
  | 0     | 43    | 120.42               | 11.90                        |
  | 0     | 44    | 7.53                 | -1                           |
  | 0     | 45    | 7.53                 | 44.10                        |
  | 0     | 46    | 120.42               | 12.08                        |
  | 0     | 47    | 7.53                 | -1                           |
  | 0     | 48    | 7.53                 | 44.10                        |
  | 0     | 49    | 120.42               | 11.87                        |
  | 0     | 50    | 15.05                | -1                           |
  | 0     | 51    | 20.07                | 529.21                       |
  | 0     | 52    | 2.46                 | -1                           |
  +-------+-------+----------------------+------------------------------+

Phase Execution Schedule:
--------------------------------------------------
  Phase Schedule Table:

  +-------+----------+--------------------------+-------------------------------------------------------------------------------------------------------------------------------------------------------------------------------------------------------------------+--------------------+--------------------+--------------------+
  | Input | Phase ID | Type                     | Description                                                                                                                                                                                                       | Start (μs)         | Duration (μs)      | Completion (μs)    |
  +-------+----------+--------------------------+-------------------------------------------------------------------------------------------------------------------------------------------------------------------------------------------------------------------+--------------------+--------------------+--------------------+
  | 0     | 105      | Weight Loading           | Layers [0, 1, 2, 3, 4, 5, 6, 7, 8, 9, 10, 11, 12, 13, 14, 15, 16, 17, 18, 19, 20, 21, 22, 23, 24, 25, 26, 27, 28, 29, 30, 31, 32, 33, 34, 35, 36, 37, 38, 39, 40, 41, 42, 43, 44, 45, 46, 47, 48, 49, 50, 51, 52] | 0.00               | 18432.00           | 18432.00           |
  | 0     | 0        | Compute                  | Layer 0                                                                                                                                                                                                           | 18432.00           | 10.84              | 18442.84           |
  | 0     | 1        | Activation Communication | Layer 0                                                                                                                                                                                                           | 18442.84           | 0                  | 18442.84           |
  | 0     | 2        | Compute                  | Layer 1                                                                                                                                                                                                           | 18442.84           | 115.61             | 18558.44           |
  | 0     | 3        | Activation Communication | Layer 1                                                                                                                                                                                                           | 18558.44           | 0                  | 18558.44           |
  | 0     | 4        | Compute                  | Layer 2                                                                                                                                                                                                           | 18558.44           | 6.42               | 18564.87           |
  | 0     | 5        | Activation Communication | Layer 2                                                                                                                                                                                                           | 18564.87           | 0                  | 18564.87           |
  | 0     | 6        | Compute                  | Layer 3                                                                                                                                                                                                           | 18564.87           | 19.27              | 18584.13           |
  | 0     | 7        | Activation Communication | Layer 3                                                                                                                                                                                                           | 18584.13           | 0                  | 18584.13           |
  | 0     | 8        | Compute                  | Layer 4                                                                                                                                                                                                           | 18584.13           | 260.11             | 18844.25           |
  | 0     | 9        | Activation Communication | Layer 4                                                                                                                                                                                                           | 18844.25           | 0                  | 18844.25           |
  | 0     | 10       | Compute                  | Layer 5                                                                                                                                                                                                           | 18844.25           | 7.23               | 18851.47           |
  | 0     | 11       | Activation Communication | Layer 5                                                                                                                                                                                                           | 18851.47           | 0                  | 18851.47           |
  | 0     | 12       | Compute                  | Layer 6                                                                                                                                                                                                           | 18851.47           | 10.84              | 18862.31           |
  | 0     | 13       | Activation Communication | Layer 6                                                                                                                                                                                                           | 18862.31           | 0                  | 18862.31           |
  | 0     | 14       | Compute                  | Layer 7                                                                                                                                                                                                           | 18862.31           | 585.25             | 19447.56           |
  | 0     | 15       | Activation Communication | Layer 7                                                                                                                                                                                                           | 19447.56           | 0                  | 19447.56           |
  | 0     | 16       | Compute                  | Layer 8                                                                                                                                                                                                           | 19447.56           | 10.84              | 19458.40           |
  | 0     | 17       | Activation Communication | Layer 8                                                                                                                                                                                                           | 19458.40           | 0                  | 19458.40           |
  | 0     | 18       | Compute                  | Layer 9                                                                                                                                                                                                           | 19458.40           | 10.84              | 19469.24           |
  | 0     | 19       | Activation Communication | Layer 9                                                                                                                                                                                                           | 19469.24           | 0                  | 19469.24           |
  | 0     | 20       | Compute                  | Layer 10                                                                                                                                                                                                          | 19469.24           | 146.31             | 19615.55           |
  | 0     | 21       | Activation Communication | Layer 10                                                                                                                                                                                                          | 19615.55           | 0                  | 19615.55           |
  | 0     | 22       | Compute                  | Layer 11                                                                                                                                                                                                          | 19615.55           | 3.61               | 19619.17           |
  | 0     | 23       | Activation Communication | Layer 11                                                                                                                                                                                                          | 19619.17           | 0                  | 19619.17           |
  | 0     | 24       | Compute                  | Layer 12                                                                                                                                                                                                          | 19619.17           | 4.82               | 19623.98           |
  | 0     | 25       | Activation Communication | Layer 12                                                                                                                                                                                                          | 19623.98           | 0                  | 19623.98           |
  | 0     | 26       | Compute                  | Layer 13                                                                                                                                                                                                          | 19623.98           | 260.11             | 19884.09           |
  | 0     | 27       | Activation Communication | Layer 13                                                                                                                                                                                                          | 19884.09           | 0                  | 19884.09           |
  | 0     | 28       | Compute                  | Layer 14                                                                                                                                                                                                          | 19884.09           | 4.82               | 19888.91           |
  | 0     | 29       | Activation Communication | Layer 14                                                                                                                                                                                                          | 19888.91           | 0                  | 19888.91           |
  | 0     | 30       | Compute                  | Layer 15                                                                                                                                                                                                          | 19888.91           | 4.82               | 19893.73           |
  | 0     | 31       | Activation Communication | Layer 15                                                                                                                                                                                                          | 19893.73           | 0                  | 19893.73           |
  | 0     | 32       | Compute                  | Layer 16                                                                                                                                                                                                          | 19893.73           | 260.11             | 20153.84           |
  | 0     | 33       | Activation Communication | Layer 16                                                                                                                                                                                                          | 20153.84           | 0                  | 20153.84           |
  | 0     | 34       | Compute                  | Layer 17                                                                                                                                                                                                          | 20153.84           | 4.82               | 20158.66           |
  | 0     | 35       | Activation Communication | Layer 17                                                                                                                                                                                                          | 20158.66           | 0                  | 20158.66           |
  | 0     | 36       | Compute                  | Layer 18                                                                                                                                                                                                          | 20158.66           | 4.82               | 20163.47           |
  | 0     | 37       | Activation Communication | Layer 18                                                                                                                                                                                                          | 20163.47           | 0                  | 20163.47           |
  | 0     | 38       | Compute                  | Layer 19                                                                                                                                                                                                          | 20163.47           | 65.03              | 20228.50           |
  | 0     | 39       | Activation Communication | Layer 19                                                                                                                                                                                                          | 20228.50           | 0                  | 20228.50           |
  | 0     | 40       | Compute                  | Layer 20                                                                                                                                                                                                          | 20228.50           | 2.41               | 20230.91           |
  | 0     | 41       | Activation Communication | Layer 20                                                                                                                                                                                                          | 20230.91           | 0                  | 20230.91           |
  | 0     | 42       | Compute                  | Layer 21                                                                                                                                                                                                          | 20230.91           | 4.82               | 20235.73           |
  | 0     | 43       | Activation Communication | Layer 21                                                                                                                                                                                                          | 20235.73           | 23.52              | 20259.25           |
  | 0     | 44       | Compute                  | Layer 22                                                                                                                                                                                                          | 20259.25           | 178.18             | 20437.43           |
  | 0     | 45       | Activation Communication | Layer 22                                                                                                                                                                                                          | 20437.43           | 20.55              | 20457.98           |
  | 0     | 46       | Compute                  | Layer 23                                                                                                                                                                                                          | 20457.98           | 4.82               | 20462.80           |
  | 0     | 47       | Activation Communication | Layer 23                                                                                                                                                                                                          | 20462.80           | 0                  | 20462.80           |
  | 0     | 48       | Compute                  | Layer 24                                                                                                                                                                                                          | 20462.80           | 4.82               | 20467.62           |
  | 0     | 49       | Activation Communication | Layer 24                                                                                                                                                                                                          | 20467.62           | 0                  | 20467.62           |
  | 0     | 50       | Compute                  | Layer 25                                                                                                                                                                                                          | 20467.62           | 260.11             | 20727.73           |
  | 0     | 51       | Activation Communication | Layer 25                                                                                                                                                                                                          | 20727.73           | 0                  | 20727.73           |
  | 0     | 52       | Compute                  | Layer 26                                                                                                                                                                                                          | 20727.73           | 4.82               | 20732.55           |
  | 0     | 53       | Activation Communication | Layer 26                                                                                                                                                                                                          | 20732.55           | 0                  | 20732.55           |
  | 0     | 54       | Compute                  | Layer 27                                                                                                                                                                                                          | 20732.55           | 4.82               | 20737.36           |
  | 0     | 55       | Activation Communication | Layer 27                                                                                                                                                                                                          | 20737.36           | 23.52              | 20760.88           |
  | 0     | 56       | Compute                  | Layer 28                                                                                                                                                                                                          | 20760.88           | 202.31             | 20963.19           |
  | 0     | 57       | Activation Communication | Layer 28                                                                                                                                                                                                          | 20963.19           | 21.43              | 20984.62           |
  | 0     | 58       | Compute                  | Layer 29                                                                                                                                                                                                          | 20984.62           | 4.82               | 20989.43           |
  | 0     | 59       | Activation Communication | Layer 29                                                                                                                                                                                                          | 20989.43           | 0                  | 20989.43           |
  | 0     | 60       | Compute                  | Layer 30                                                                                                                                                                                                          | 20989.43           | 4.82               | 20994.25           |
  | 0     | 61       | Activation Communication | Layer 30                                                                                                                                                                                                          | 20994.25           | 0                  | 20994.25           |
  | 0     | 62       | Compute                  | Layer 31                                                                                                                                                                                                          | 20994.25           | 260.11             | 21254.36           |
  | 0     | 63       | Activation Communication | Layer 31                                                                                                                                                                                                          | 21254.36           | 0                  | 21254.36           |
  | 0     | 64       | Compute                  | Layer 32                                                                                                                                                                                                          | 21254.36           | 7.23               | 21261.59           |
  | 0     | 65       | Activation Communication | Layer 32                                                                                                                                                                                                          | 21261.59           | 0                  | 21261.59           |
  | 0     | 66       | Compute                  | Layer 33                                                                                                                                                                                                          | 21261.59           | 10.84              | 21272.43           |
  | 0     | 67       | Activation Communication | Layer 33                                                                                                                                                                                                          | 21272.43           | 35.28              | 21307.71           |
  | 0     | 68       | Compute                  | Layer 34                                                                                                                                                                                                          | 21307.71           | 391.37             | 21699.08           |
  | 0     | 69       | Activation Communication | Layer 34                                                                                                                                                                                                          | 21699.08           | 11.69              | 21710.76           |
  | 0     | 70       | Compute                  | Layer 35                                                                                                                                                                                                          | 21710.76           | 10.84              | 21721.60           |
  | 0     | 71       | Activation Communication | Layer 35                                                                                                                                                                                                          | 21721.60           | 0                  | 21721.60           |
  | 0     | 72       | Compute                  | Layer 36                                                                                                                                                                                                          | 21721.60           | 10.84              | 21732.44           |
  | 0     | 73       | Activation Communication | Layer 36                                                                                                                                                                                                          | 21732.44           | 70.56              | 21803.00           |
  | 0     | 74       | Compute                  | Layer 37                                                                                                                                                                                                          | 21803.00           | 481.69             | 22284.69           |
  | 0     | 75       | Activation Communication | Layer 37                                                                                                                                                                                                          | 22284.69           | 32.78              | 22317.47           |
  | 0     | 76       | Compute                  | Layer 38                                                                                                                                                                                                          | 22317.47           | 10.84              | 22328.31           |
  | 0     | 77       | Activation Communication | Layer 38                                                                                                                                                                                                          | 22328.31           | 0                  | 22328.31           |
  | 0     | 78       | Compute                  | Layer 39                                                                                                                                                                                                          | 22328.31           | 10.84              | 22339.14           |
  | 0     | 79       | Activation Communication | Layer 39                                                                                                                                                                                                          | 22339.14           | 35.28              | 22374.42           |
  | 0     | 80       | Compute                  | Layer 40                                                                                                                                                                                                          | 22374.42           | 115.00             | 22489.43           |
  | 0     | 81       | Activation Communication | Layer 40                                                                                                                                                                                                          | 22489.43           | 8.06               | 22497.49           |
  | 0     | 82       | Compute                  | Layer 41                                                                                                                                                                                                          | 22497.49           | 4.52               | 22502.00           |
  | 0     | 83       | Activation Communication | Layer 41                                                                                                                                                                                                          | 22502.00           | 0                  | 22502.00           |
  | 0     | 84       | Compute                  | Layer 42                                                                                                                                                                                                          | 22502.00           | 7.53               | 22509.53           |
  | 0     | 85       | Activation Communication | Layer 42                                                                                                                                                                                                          | 22509.53           | 44.10              | 22553.63           |
  | 0     | 86       | Compute                  | Layer 43                                                                                                                                                                                                          | 22553.63           | 120.42             | 22674.05           |
  | 0     | 87       | Activation Communication | Layer 43                                                                                                                                                                                                          | 22674.05           | 11.90              | 22685.96           |
  | 0     | 88       | Compute                  | Layer 44                                                                                                                                                                                                          | 22685.96           | 7.53               | 22693.48           |
  | 0     | 89       | Activation Communication | Layer 44                                                                                                                                                                                                          | 22693.48           | 0                  | 22693.48           |
  | 0     | 90       | Compute                  | Layer 45                                                                                                                                                                                                          | 22693.48           | 7.53               | 22701.01           |
  | 0     | 91       | Activation Communication | Layer 45                                                                                                                                                                                                          | 22701.01           | 44.10              | 22745.11           |
  | 0     | 92       | Compute                  | Layer 46                                                                                                                                                                                                          | 22745.11           | 120.42             | 22865.53           |
  | 0     | 93       | Activation Communication | Layer 46                                                                                                                                                                                                          | 22865.53           | 12.08              | 22877.61           |
  | 0     | 94       | Compute                  | Layer 47                                                                                                                                                                                                          | 22877.61           | 7.53               | 22885.14           |
  | 0     | 95       | Activation Communication | Layer 47                                                                                                                                                                                                          | 22885.14           | 0                  | 22885.14           |
  | 0     | 96       | Compute                  | Layer 48                                                                                                                                                                                                          | 22885.14           | 7.53               | 22892.67           |
  | 0     | 97       | Activation Communication | Layer 48                                                                                                                                                                                                          | 22892.67           | 44.10              | 22936.77           |
  | 0     | 98       | Compute                  | Layer 49                                                                                                                                                                                                          | 22936.77           | 120.42             | 23057.19           |
  | 0     | 99       | Activation Communication | Layer 49                                                                                                                                                                                                          | 23057.19           | 11.87              | 23069.05           |
  | 0     | 100      | Compute                  | Layer 50                                                                                                                                                                                                          | 23069.05           | 15.05              | 23084.11           |
  | 0     | 101      | Activation Communication | Layer 50                                                                                                                                                                                                          | 23084.11           | 0                  | 23084.11           |
  | 0     | 102      | Compute                  | Layer 51                                                                                                                                                                                                          | 23084.11           | 20.07              | 23104.18           |
  | 0     | 103      | Activation Communication | Layer 51                                                                                                                                                                                                          | 23104.18           | 529.21             | 23633.39           |
  | 0     | 104      | Compute                  | Layer 52                                                                                                                                                                                                          | 23633.39           | 2.46               | 23635.84           |
  +-------+----------+--------------------------+-------------------------------------------------------------------------------------------------------------------------------------------------------------------------------------------------------------------+--------------------+--------------------+--------------------+

Weight Loading Schedule:
--------------------------------------------------
  Weight Loading Schedule Table:

  +-------+-------+------------+---------------+-----------------+--------------------+
  | Input | Op ID | Start (μs) | Duration (μs) | Completion (μs) | Next Compute Layer |
  +-------+-------+------------+---------------+-----------------+--------------------+
  | 0     | 105   | 0.00       | 18432.00      | 18432.00        | Input 0, Layer 0   |
  +-------+-------+------------+---------------+-----------------+--------------------+

Weight Loading Traffic (bytes):
--------------------------------------------------
  Weight Loading Traffic Table:

  +-------+-------+-----------------------------------------------------------------------------------------------------------------------------------------------------------------------------------------------------------------------------------------------------------------------------------------------------------------------------------------------------------------------------------------------------------------------------------------------------------------------------------------------------------------------------------------------------------+
  | Input | Op ID | Traffic                                                                                                                                                                                                                                                                                                                                                                                                                                                                                                                                                   |
  +-------+-------+-----------------------------------------------------------------------------------------------------------------------------------------------------------------------------------------------------------------------------------------------------------------------------------------------------------------------------------------------------------------------------------------------------------------------------------------------------------------------------------------------------------------------------------------------------------+
  | 0     | 105   | {1: {2: 153599, 3: 153600, 12: 153599, 11: 18432, 13: 153600, 14: 153600, 4: 153600, 15: 153599, 5: 153600, 25: 153600, 24: 153600, 23: 153600, 34: 153600, 35: 153600, 45: 153600}, 10: {6: 153600, 16: 153600, 17: 153599, 26: 153600, 27: 153600, 36: 153600, 28: 153600, 18: 153600, 29: 153600, 38: 153600, 8: 153600, 7: 153600, 9: 153600, 19: 153600, 20: 153600, 30: 153600, 37: 153600, 39: 153600, 40: 153600, 46: 153600, 47: 153600, 48: 153600, 49: 153600, 50: 153600}, 100: {56: 121357, 57: 153600, 58: 153600, 59: 153600, 68: 153600}} |
  +-------+-------+-----------------------------------------------------------------------------------------------------------------------------------------------------------------------------------------------------------------------------------------------------------------------------------------------------------------------------------------------------------------------------------------------------------------------------------------------------------------------------------------------------------------------------------------------------------+

Activation Communication Traffic (bytes):
--------------------------------------------------
  Activation Communication Traffic Table:

  +-------+---------------------------------------------------------------------------------------------------------------------------------------------------------------------------------------------------------------------------------------------------------------------------------+
  | Layer | Traffic                                                                                                                                                                                                                                                                         |
  +-------+---------------------------------------------------------------------------------------------------------------------------------------------------------------------------------------------------------------------------------------------------------------------------------+
  | 0     | {2: {}}                                                                                                                                                                                                                                                                         |
  | 1     | {2: {}}                                                                                                                                                                                                                                                                         |
  | 2     | {2: {}}                                                                                                                                                                                                                                                                         |
  | 3     | {2: {}}                                                                                                                                                                                                                                                                         |
  | 4     | {2: {}}                                                                                                                                                                                                                                                                         |
  | 5     | {2: {}}                                                                                                                                                                                                                                                                         |
  | 6     | {2: {}}                                                                                                                                                                                                                                                                         |
  | 7     | {2: {}}                                                                                                                                                                                                                                                                         |
  | 8     | {2: {}}                                                                                                                                                                                                                                                                         |
  | 9     | {2: {}}                                                                                                                                                                                                                                                                         |
  | 10    | {2: {}}                                                                                                                                                                                                                                                                         |
  | 11    | {2: {}}                                                                                                                                                                                                                                                                         |
  | 12    | {2: {}}                                                                                                                                                                                                                                                                         |
  | 13    | {2: {}}                                                                                                                                                                                                                                                                         |
  | 14    | {2: {}}                                                                                                                                                                                                                                                                         |
  | 15    | {2: {}}                                                                                                                                                                                                                                                                         |
  | 16    | {2: {}}                                                                                                                                                                                                                                                                         |
  | 17    | {2: {}}                                                                                                                                                                                                                                                                         |
  | 18    | {2: {}}                                                                                                                                                                                                                                                                         |
  | 19    | {2: {}}                                                                                                                                                                                                                                                                         |
  | 20    | {2: {}}                                                                                                                                                                                                                                                                         |
  | 21    | {2: {3: 4704}}                                                                                                                                                                                                                                                                  |
  | 22    | {2: {12: 3222}, 3: {12: 1481}}                                                                                                                                                                                                                                                  |
  | 23    | {12: {}}                                                                                                                                                                                                                                                                        |
  | 24    | {12: {}}                                                                                                                                                                                                                                                                        |
  | 25    | {12: {}}                                                                                                                                                                                                                                                                        |
  | 26    | {12: {}}                                                                                                                                                                                                                                                                        |
  | 27    | {12: {11: 4704}}                                                                                                                                                                                                                                                                |
  | 28    | {11: {13: 1045}, 12: {13: 3658}}                                                                                                                                                                                                                                                |
  | 29    | {13: {}}                                                                                                                                                                                                                                                                        |
  | 30    | {13: {}}                                                                                                                                                                                                                                                                        |
  | 31    | {13: {}}                                                                                                                                                                                                                                                                        |
  | 32    | {13: {}}                                                                                                                                                                                                                                                                        |
  | 33    | {13: {14: 7056}}                                                                                                                                                                                                                                                                |
  | 34    | {13: {14: 2337}, 14: {}}                                                                                                                                                                                                                                                        |
  | 35    | {14: {}}                                                                                                                                                                                                                                                                        |
  | 36    | {14: {4: 7056, 15: 7056}}                                                                                                                                                                                                                                                       |
  | 37    | {4: {5: 5807}, 14: {5: 827}, 15: {5: 421}}                                                                                                                                                                                                                                      |
  | 38    | {5: {}}                                                                                                                                                                                                                                                                         |
  | 39    | {5: {6: 7056}}                                                                                                                                                                                                                                                                  |
  | 40    | {5: {15: 1386}, 6: {15: 377}}                                                                                                                                                                                                                                                   |
  | 41    | {15: {}}                                                                                                                                                                                                                                                                        |
  | 42    | {15: {16: 2940, 17: 2940, 25: 2940}}                                                                                                                                                                                                                                            |
  | 43    | {15: {26: 720}, 16: {26: 871}, 17: {26: 476}, 25: {26: 871}}                                                                                                                                                                                                                    |
  | 44    | {26: {}}                                                                                                                                                                                                                                                                        |
  | 45    | {26: {24: 2940, 27: 2940, 36: 2940}}                                                                                                                                                                                                                                            |
  | 46    | {24: {28: 435}, 26: {28: 762}, 27: {28: 871}, 36: {28: 871}}                                                                                                                                                                                                                    |
  | 47    | {28: {}}                                                                                                                                                                                                                                                                        |
  | 48    | {28: {18: 2940, 29: 2940, 38: 2940}}                                                                                                                                                                                                                                            |
  | 49    | {18: {8: 871}, 28: {8: 762}, 29: {8: 871}, 38: {8: 435}}                                                                                                                                                                                                                        |
  | 50    | {8: {}}                                                                                                                                                                                                                                                                         |
  | 51    | {8: {3: 3920, 6: 3920, 7: 3920, 9: 3920, 17: 3920, 19: 3920, 20: 3920, 23: 3920, 24: 3920, 30: 3920, 34: 3920, 35: 3920, 37: 3920, 38: 3920, 39: 3920, 40: 3920, 45: 3920, 46: 3920, 47: 3920, 48: 3920, 49: 3920, 50: 3920, 56: 3920, 57: 3920, 58: 3920, 59: 3920, 68: 3920}} |
  | 52    | {}                                                                                                                                                                                                                                                                              |
  +-------+---------------------------------------------------------------------------------------------------------------------------------------------------------------------------------------------------------------------------------------------------------------------------------+

Communication Co-active Layers:
--------------------------------------------------
  No co-active layers detected for this model

Communication Co-active Traffic:
--------------------------------------------------
  Co-active Traffic Table:

  +----------+-----------+-------+-------+-------+-------+--------------------------+---------------+-------------------+
  | Sim Call | Time (μs) | Model | Input | Layer | Phase | Type                     | Next Layer    | Co-active Traffic |
  +----------+-----------+-------+-------+-------+-------+--------------------------+---------------+-------------------+
  | 1        | 0.00      | 1     | 0     | 0     | 105   | Weight Loading           | Next: Layer 0 | {}                |
  | 2        | 20237.00  | 1     | 0     | 21    | 43    | Activation Communication |               | {}                |
  | 3        | 20439.00  | 1     | 0     | 22    | 45    | Activation Communication |               | {}                |
  | 4        | 20739.00  | 1     | 0     | 27    | 55    | Activation Communication |               | {}                |
  | 5        | 20965.00  | 1     | 0     | 28    | 57    | Activation Communication |               | {}                |
  | 6        | 21274.00  | 1     | 0     | 33    | 67    | Activation Communication |               | {}                |
  | 7        | 21701.00  | 1     | 0     | 34    | 69    | Activation Communication |               | {}                |
  | 8        | 21734.00  | 1     | 0     | 36    | 73    | Activation Communication |               | {}                |
  | 9        | 22286.00  | 1     | 0     | 37    | 75    | Activation Communication |               | {}                |
  | 10       | 22341.00  | 1     | 0     | 39    | 79    | Activation Communication |               | {}                |
  | 11       | 22491.00  | 1     | 0     | 40    | 81    | Activation Communication |               | {}                |
  | 12       | 22511.00  | 1     | 0     | 42    | 85    | Activation Communication |               | {}                |
  | 13       | 22676.00  | 1     | 0     | 43    | 87    | Activation Communication |               | {}                |
  | 14       | 22703.00  | 1     | 0     | 45    | 91    | Activation Communication |               | {}                |
  | 15       | 22867.00  | 1     | 0     | 46    | 93    | Activation Communication |               | {}                |
  | 16       | 22894.00  | 1     | 0     | 48    | 97    | Activation Communication |               | {}                |
  | 17       | 23059.00  | 1     | 0     | 49    | 99    | Activation Communication |               | {}                |
  | 18       | 23106.00  | 1     | 0     | 51    | 103   | Activation Communication |               | {}                |
  +----------+-----------+-------+-------+-------+-------+--------------------------+---------------+-------------------+

Layer Energy per input:
--------------------------------------------------
  Energy Table:

  +-------+-------+---------------------+
  | Input | Layer | Compute Energy (fJ) |
  +-------+-------+---------------------+
  | 0     | 0     | 541900800.00        |
  | 0     | 1     | 5780275200.00       |
  | 0     | 2     | 321126400.00        |
  | 0     | 3     | 963379200.00        |
  | 0     | 4     | 13005619200.00      |
  | 0     | 5     | 361267200.00        |
  | 0     | 6     | 541900800.00        |
  | 0     | 7     | 29262643200.00      |
  | 0     | 8     | 541900800.00        |
  | 0     | 9     | 541900800.00        |
  | 0     | 10    | 7315660800.00       |
  | 0     | 11    | 180633600.00        |
  | 0     | 12    | 240844800.00        |
  | 0     | 13    | 13005619200.00      |
  | 0     | 14    | 240844800.00        |
  | 0     | 15    | 240844800.00        |
  | 0     | 16    | 13005619200.00      |
  | 0     | 17    | 240844800.00        |
  | 0     | 18    | 240844800.00        |
  | 0     | 19    | 3251404800.00       |
  | 0     | 20    | 120422400.00        |
  | 0     | 21    | 240844800.00        |
  | 0     | 22    | 13005619200.00      |
  | 0     | 23    | 240844800.00        |
  | 0     | 24    | 240844800.00        |
  | 0     | 25    | 13005619200.00      |
  | 0     | 26    | 240844800.00        |
  | 0     | 27    | 240844800.00        |
  | 0     | 28    | 13005619200.00      |
  | 0     | 29    | 240844800.00        |
  | 0     | 30    | 240844800.00        |
  | 0     | 31    | 13005619200.00      |
  | 0     | 32    | 361267200.00        |
  | 0     | 33    | 541900800.00        |
  | 0     | 34    | 29262643200.00      |
  | 0     | 35    | 541900800.00        |
  | 0     | 36    | 541900800.00        |
  | 0     | 37    | 29262643200.00      |
  | 0     | 38    | 541900800.00        |
  | 0     | 39    | 541900800.00        |
  | 0     | 40    | 7315660800.00       |
  | 0     | 41    | 225792000.00        |
  | 0     | 42    | 376320000.00        |
  | 0     | 43    | 20321280000.00      |
  | 0     | 44    | 376320000.00        |
  | 0     | 45    | 376320000.00        |
  | 0     | 46    | 20321280000.00      |
  | 0     | 47    | 376320000.00        |
  | 0     | 48    | 376320000.00        |
  | 0     | 49    | 20321280000.00      |
  | 0     | 50    | 752640000.00        |
  | 0     | 51    | 1003520000.00       |
  | 0     | 52    | 3136000000.00       |
  +-------+-------+---------------------+

Model Mapping:
--------------------------------------------------
  --- Total chiplets used ---
    Value: 44.00
  ---------------------------

  Mapping Table:

  +-------+---------+--------------------+
  | Layer | Chiplet | Percent            |
  +-------+---------+--------------------+
  | 0     | 2       | 100                |
  | 1     | 2       | 100                |
  | 2     | 2       | 100                |
  | 3     | 2       | 100                |
  | 4     | 2       | 100                |
  | 5     | 2       | 100                |
  | 6     | 2       | 100                |
  | 7     | 2       | 100                |
  | 8     | 2       | 100                |
  | 9     | 2       | 100                |
  | 10    | 2       | 100                |
  | 11    | 2       | 100                |
  | 12    | 2       | 100                |
  | 13    | 2       | 100                |
  | 14    | 2       | 100                |
  | 15    | 2       | 100                |
  | 16    | 2       | 100                |
  | 17    | 2       | 100                |
  | 18    | 2       | 100                |
  | 19    | 2       | 100                |
  | 20    | 2       | 100                |
  | 21    | 2       | 100                |
  | 22    | 2       | 68.50              |
  | 22    | 3       | 31.50              |
  | 23    | 12      | 100                |
  | 24    | 12      | 100                |
  | 25    | 12      | 100                |
  | 26    | 12      | 100                |
  | 27    | 12      | 100                |
  | 28    | 11      | 22.22              |
  | 28    | 12      | 77.78              |
  | 29    | 13      | 100                |
  | 30    | 13      | 100                |
  | 31    | 13      | 100                |
  | 32    | 13      | 100                |
  | 33    | 13      | 100                |
  | 34    | 13      | 33.13              |
  | 34    | 14      | 66.87              |
  | 35    | 14      | 100                |
  | 36    | 14      | 100                |
  | 37    | 4       | 82.30              |
  | 37    | 14      | 11.73              |
  | 37    | 15      | 5.97               |
  | 38    | 5       | 100                |
  | 39    | 5       | 100                |
  | 40    | 5       | 78.60              |
  | 40    | 6       | 21.40              |
  | 41    | 15      | 100                |
  | 42    | 15      | 100                |
  | 43    | 15      | 24.52              |
  | 43    | 16      | 29.63              |
  | 43    | 17      | 16.22              |
  | 43    | 25      | 29.63              |
  | 44    | 26      | 100                |
  | 45    | 26      | 100                |
  | 46    | 24      | 14.81              |
  | 46    | 26      | 25.93              |
  | 46    | 27      | 29.63              |
  | 46    | 36      | 29.63              |
  | 47    | 28      | 100                |
  | 48    | 28      | 100                |
  | 49    | 18      | 29.63              |
  | 49    | 28      | 25.93              |
  | 49    | 29      | 29.63              |
  | 49    | 38      | 14.81              |
  | 50    | 8       | 100                |
  | 51    | 8       | 100                |
  | 52    | 3       | 3.25               |
  | 52    | 6       | 2.90               |
  | 52    | 7       | 3.92               |
  | 52    | 8       | 2.78               |
  | 52    | 9       | 3.92               |
  | 52    | 17      | 1.77               |
  | 52    | 19      | 3.92               |
  | 52    | 20      | 3.92               |
  | 52    | 23      | 3.92               |
  | 52    | 24      | 1.96               |
  | 52    | 30      | 3.92               |
  | 52    | 34      | 3.92               |
  | 52    | 35      | 3.92               |
  | 52    | 37      | 3.92               |
  | 52    | 38      | 1.96               |
  | 52    | 39      | 3.92               |
  | 52    | 40      | 3.92               |
  | 52    | 45      | 3.92               |
  | 52    | 46      | 3.92               |
  | 52    | 47      | 3.92               |
  | 52    | 48      | 3.92               |
  | 52    | 49      | 3.92               |
  | 52    | 50      | 3.92               |
  | 52    | 56      | 3.10               |
  | 52    | 57      | 3.92               |
  | 52    | 58      | 3.92               |
  | 52    | 59      | 3.92               |
  | 52    | 68      | 3.92               |
  +-------+---------+--------------------+
