================================================================================
Model 1: mobilenet_v3
================================================================================


Model Overall Times:
--------------------------------------------------
  Overall Times:
    Start: 0.00 μs
    End: 1873.69 μs
    Duration: 1873.69 μs

Input Start/End Times:
--------------------------------------------------
  Input Times Table:

  +-------+------------+--------------------+
  | Input | Start (μs) | End (μs)           |
  +-------+------------+--------------------+
  | 0     | 0.00       | 1873.69            |
  +-------+------------+--------------------+

Summed Time Per Input:
--------------------------------------------------
  Summed Time Table:

  +-------+--------------------+-------------------------------+---------------------+-------------+
  | Input | Compute (μs)       | Activation Communication (μs) | Weight Loading (μs) | Total (μs)  |
  +-------+--------------------+-------------------------------+---------------------+-------------+
  | 0     | 197.99             | 0.73                          | 1674.97             | 1873.69     |
  +-------+--------------------+-------------------------------+---------------------+-------------+

Layer Latency per input:
--------------------------------------------------
  Latency Table:

  +-------+-------+----------------------+------------------------------+
  | Input | Layer | Compute Latency (μs) | Activation Comm Latency (μs) |
  +-------+-------+----------------------+------------------------------+
  | 0     | 0     | 5.42                 | -1                           |
  | 0     | 1     | 0.11                 | -1                           |
  | 0     | 2     | 3.21                 | -1                           |
  | 0     | 3     | 12.85                | -1                           |
  | 0     | 4     | 0.03                 | -1                           |
  | 0     | 5     | 4.82                 | -1                           |
  | 0     | 6     | 5.42                 | -1                           |
  | 0     | 7     | 0.03                 | -1                           |
  | 0     | 8     | 5.42                 | -1                           |
  | 0     | 9     | 5.42                 | -1                           |
  | 0     | 10    | 0.02                 | -1                           |
  | 0     | 11    | 0.00                 | -1                           |
  | 0     | 12    | 0.00                 | -1                           |
  | 0     | 13    | 2.26                 | -1                           |
  | 0     | 14    | 3.76                 | -1                           |
  | 0     | 15    | 0.02                 | -1                           |
  | 0     | 16    | 0.00                 | -1                           |
  | 0     | 17    | 0.00                 | -1                           |
  | 0     | 18    | 3.76                 | -1                           |
  | 0     | 19    | 3.76                 | -1                           |
  | 0     | 20    | 0.02                 | -1                           |
  | 0     | 21    | 0.00                 | -1                           |
  | 0     | 22    | 0.00                 | -1                           |
  | 0     | 23    | 3.76                 | -1                           |
  | 0     | 24    | 7.53                 | -1                           |
  | 0     | 25    | 0.00                 | -1                           |
  | 0     | 26    | 3.76                 | -1                           |
  | 0     | 27    | 3.14                 | -1                           |
  | 0     | 28    | 0.00                 | -1                           |
  | 0     | 29    | 3.14                 | -1                           |
  | 0     | 30    | 2.89                 | -1                           |
  | 0     | 31    | 0.00                 | -1                           |
  | 0     | 32    | 2.89                 | -1                           |
  | 0     | 33    | 2.89                 | -1                           |
  | 0     | 34    | 0.00                 | -1                           |
  | 0     | 35    | 2.89                 | -1                           |
  | 0     | 36    | 7.53                 | -1                           |
  | 0     | 37    | 0.00                 | -1                           |
  | 0     | 38    | 0.06                 | -1                           |
  | 0     | 39    | 0.06                 | -1                           |
  | 0     | 40    | 10.54                | -1                           |
  | 0     | 41    | 14.75                | -1                           |
  | 0     | 42    | 0.00                 | -1                           |
  | 0     | 43    | 0.11                 | -1                           |
  | 0     | 44    | 0.11                 | -1                           |
  | 0     | 45    | 14.75                | -1                           |
  | 0     | 46    | 14.75                | -1                           |
  | 0     | 47    | 0.00                 | -1                           |
  | 0     | 48    | 0.11                 | -1                           |
  | 0     | 49    | 0.11                 | -1                           |
  | 0     | 50    | 5.27                 | -1                           |
  | 0     | 51    | 7.53                 | -1                           |
  | 0     | 52    | 0.00                 | -1                           |
  | 0     | 53    | 0.23                 | -1                           |
  | 0     | 54    | 0.23                 | -1                           |
  | 0     | 55    | 7.53                 | -1                           |
  | 0     | 56    | 7.53                 | -1                           |
  | 0     | 57    | 0.00                 | -1                           |
  | 0     | 58    | 0.23                 | 0.07                         |
  | 0     | 59    | 0.14                 | 0.25                         |
  | 0     | 60    | 7.53                 | -1                           |
  | 0     | 61    | 7.53                 | -1                           |
  | 0     | 62    | 1.23                 | 0.40                         |
  | 0     | 63    | 0.92                 | -1                           |
  +-------+-------+----------------------+------------------------------+

Phase Execution Schedule:
--------------------------------------------------
  Phase Schedule Table:

  +-------+----------+--------------------------+---------------------------------------------------------------------------------------------------------------------------------------------------------------------------------------------------------------------------------------------------------------+--------------------+---------------------+--------------------+
  | Input | Phase ID | Type                     | Description                                                                                                                                                                                                                                                   | Start (μs)         | Duration (μs)       | Completion (μs)    |
  +-------+----------+--------------------------+---------------------------------------------------------------------------------------------------------------------------------------------------------------------------------------------------------------------------------------------------------------+--------------------+---------------------+--------------------+
  | 0     | 127      | Weight Loading           | Layers [0, 1, 2, 3, 4, 5, 6, 7, 8, 9, 10, 11, 12, 13, 14, 15, 16, 17, 18, 19, 20, 21, 22, 23, 24, 25, 26, 27, 28, 29, 30, 31, 32, 33, 34, 35, 36, 37, 38, 39, 40, 41, 42, 43, 44, 45, 46, 47, 48, 49, 50, 51, 52, 53, 54, 55, 56, 57, 58, 59, 60, 61, 62, 63] | 0.00               | 1674.97             | 1674.97            |
  | 0     | 0        | Compute                  | Layer 0                                                                                                                                                                                                                                                       | 1674.97            | 5.42                | 1680.39            |
  | 0     | 1        | Activation Communication | Layer 0                                                                                                                                                                                                                                                       | 1680.39            | 0                   | 1680.39            |
  | 0     | 2        | Compute                  | Layer 1                                                                                                                                                                                                                                                       | 1680.39            | 0.11                | 1680.50            |
  | 0     | 3        | Activation Communication | Layer 1                                                                                                                                                                                                                                                       | 1680.50            | 0                   | 1680.50            |
  | 0     | 4        | Compute                  | Layer 2                                                                                                                                                                                                                                                       | 1680.50            | 3.21                | 1683.71            |
  | 0     | 5        | Activation Communication | Layer 2                                                                                                                                                                                                                                                       | 1683.71            | 0                   | 1683.71            |
  | 0     | 6        | Compute                  | Layer 3                                                                                                                                                                                                                                                       | 1683.71            | 12.85               | 1696.56            |
  | 0     | 7        | Activation Communication | Layer 3                                                                                                                                                                                                                                                       | 1696.56            | 0                   | 1696.56            |
  | 0     | 8        | Compute                  | Layer 4                                                                                                                                                                                                                                                       | 1696.56            | 0.03                | 1696.58            |
  | 0     | 9        | Activation Communication | Layer 4                                                                                                                                                                                                                                                       | 1696.58            | 0                   | 1696.58            |
  | 0     | 10       | Compute                  | Layer 5                                                                                                                                                                                                                                                       | 1696.58            | 4.82                | 1701.40            |
  | 0     | 11       | Activation Communication | Layer 5                                                                                                                                                                                                                                                       | 1701.40            | 0                   | 1701.40            |
  | 0     | 12       | Compute                  | Layer 6                                                                                                                                                                                                                                                       | 1701.40            | 5.42                | 1706.82            |
  | 0     | 13       | Activation Communication | Layer 6                                                                                                                                                                                                                                                       | 1706.82            | 0                   | 1706.82            |
  | 0     | 14       | Compute                  | Layer 7                                                                                                                                                                                                                                                       | 1706.82            | 0.03                | 1706.85            |
  | 0     | 15       | Activation Communication | Layer 7                                                                                                                                                                                                                                                       | 1706.85            | 0                   | 1706.85            |
  | 0     | 16       | Compute                  | Layer 8                                                                                                                                                                                                                                                       | 1706.85            | 5.42                | 1712.27            |
  | 0     | 17       | Activation Communication | Layer 8                                                                                                                                                                                                                                                       | 1712.27            | 0                   | 1712.27            |
  | 0     | 18       | Compute                  | Layer 9                                                                                                                                                                                                                                                       | 1712.27            | 5.42                | 1717.69            |
  | 0     | 19       | Activation Communication | Layer 9                                                                                                                                                                                                                                                       | 1717.69            | 0                   | 1717.69            |
  | 0     | 20       | Compute                  | Layer 10                                                                                                                                                                                                                                                      | 1717.69            | 0.02                | 1717.71            |
  | 0     | 21       | Activation Communication | Layer 10                                                                                                                                                                                                                                                      | 1717.71            | 0                   | 1717.71            |
  | 0     | 22       | Compute                  | Layer 11                                                                                                                                                                                                                                                      | 1717.71            | 0.00                | 1717.71            |
  | 0     | 23       | Activation Communication | Layer 11                                                                                                                                                                                                                                                      | 1717.71            | 0                   | 1717.71            |
  | 0     | 24       | Compute                  | Layer 12                                                                                                                                                                                                                                                      | 1717.71            | 0.00                | 1717.71            |
  | 0     | 25       | Activation Communication | Layer 12                                                                                                                                                                                                                                                      | 1717.71            | 0                   | 1717.71            |
  | 0     | 26       | Compute                  | Layer 13                                                                                                                                                                                                                                                      | 1717.71            | 2.26                | 1719.97            |
  | 0     | 27       | Activation Communication | Layer 13                                                                                                                                                                                                                                                      | 1719.97            | 0                   | 1719.97            |
  | 0     | 28       | Compute                  | Layer 14                                                                                                                                                                                                                                                      | 1719.97            | 3.76                | 1723.73            |
  | 0     | 29       | Activation Communication | Layer 14                                                                                                                                                                                                                                                      | 1723.73            | 0                   | 1723.73            |
  | 0     | 30       | Compute                  | Layer 15                                                                                                                                                                                                                                                      | 1723.73            | 0.02                | 1723.75            |
  | 0     | 31       | Activation Communication | Layer 15                                                                                                                                                                                                                                                      | 1723.75            | 0                   | 1723.75            |
  | 0     | 32       | Compute                  | Layer 16                                                                                                                                                                                                                                                      | 1723.75            | 0.00                | 1723.75            |
  | 0     | 33       | Activation Communication | Layer 16                                                                                                                                                                                                                                                      | 1723.75            | 0                   | 1723.75            |
  | 0     | 34       | Compute                  | Layer 17                                                                                                                                                                                                                                                      | 1723.75            | 0.00                | 1723.76            |
  | 0     | 35       | Activation Communication | Layer 17                                                                                                                                                                                                                                                      | 1723.76            | 0                   | 1723.76            |
  | 0     | 36       | Compute                  | Layer 18                                                                                                                                                                                                                                                      | 1723.76            | 3.76                | 1727.52            |
  | 0     | 37       | Activation Communication | Layer 18                                                                                                                                                                                                                                                      | 1727.52            | 0                   | 1727.52            |
  | 0     | 38       | Compute                  | Layer 19                                                                                                                                                                                                                                                      | 1727.52            | 3.76                | 1731.28            |
  | 0     | 39       | Activation Communication | Layer 19                                                                                                                                                                                                                                                      | 1731.28            | 0                   | 1731.28            |
  | 0     | 40       | Compute                  | Layer 20                                                                                                                                                                                                                                                      | 1731.28            | 0.02                | 1731.30            |
  | 0     | 41       | Activation Communication | Layer 20                                                                                                                                                                                                                                                      | 1731.30            | 0                   | 1731.30            |
  | 0     | 42       | Compute                  | Layer 21                                                                                                                                                                                                                                                      | 1731.30            | 0.00                | 1731.31            |
  | 0     | 43       | Activation Communication | Layer 21                                                                                                                                                                                                                                                      | 1731.31            | 0                   | 1731.31            |
  | 0     | 44       | Compute                  | Layer 22                                                                                                                                                                                                                                                      | 1731.31            | 0.00                | 1731.31            |
  | 0     | 45       | Activation Communication | Layer 22                                                                                                                                                                                                                                                      | 1731.31            | 0                   | 1731.31            |
  | 0     | 46       | Compute                  | Layer 23                                                                                                                                                                                                                                                      | 1731.31            | 3.76                | 1735.07            |
  | 0     | 47       | Activation Communication | Layer 23                                                                                                                                                                                                                                                      | 1735.07            | 0                   | 1735.07            |
  | 0     | 48       | Compute                  | Layer 24                                                                                                                                                                                                                                                      | 1735.07            | 7.53                | 1742.60            |
  | 0     | 49       | Activation Communication | Layer 24                                                                                                                                                                                                                                                      | 1742.60            | 0                   | 1742.60            |
  | 0     | 50       | Compute                  | Layer 25                                                                                                                                                                                                                                                      | 1742.60            | 0.00                | 1742.60            |
  | 0     | 51       | Activation Communication | Layer 25                                                                                                                                                                                                                                                      | 1742.60            | 0                   | 1742.60            |
  | 0     | 52       | Compute                  | Layer 26                                                                                                                                                                                                                                                      | 1742.60            | 3.76                | 1746.37            |
  | 0     | 53       | Activation Communication | Layer 26                                                                                                                                                                                                                                                      | 1746.37            | 0                   | 1746.37            |
  | 0     | 54       | Compute                  | Layer 27                                                                                                                                                                                                                                                      | 1746.37            | 3.14                | 1749.50            |
  | 0     | 55       | Activation Communication | Layer 27                                                                                                                                                                                                                                                      | 1749.50            | 0                   | 1749.50            |
  | 0     | 56       | Compute                  | Layer 28                                                                                                                                                                                                                                                      | 1749.50            | 0.00                | 1749.50            |
  | 0     | 57       | Activation Communication | Layer 28                                                                                                                                                                                                                                                      | 1749.50            | 0                   | 1749.50            |
  | 0     | 58       | Compute                  | Layer 29                                                                                                                                                                                                                                                      | 1749.50            | 3.14                | 1752.64            |
  | 0     | 59       | Activation Communication | Layer 29                                                                                                                                                                                                                                                      | 1752.64            | 0                   | 1752.64            |
  | 0     | 60       | Compute                  | Layer 30                                                                                                                                                                                                                                                      | 1752.64            | 2.89                | 1755.52            |
  | 0     | 61       | Activation Communication | Layer 30                                                                                                                                                                                                                                                      | 1755.52            | 0                   | 1755.52            |
  | 0     | 62       | Compute                  | Layer 31                                                                                                                                                                                                                                                      | 1755.52            | 0.00                | 1755.53            |
  | 0     | 63       | Activation Communication | Layer 31                                                                                                                                                                                                                                                      | 1755.53            | 0                   | 1755.53            |
  | 0     | 64       | Compute                  | Layer 32                                                                                                                                                                                                                                                      | 1755.53            | 2.89                | 1758.41            |
  | 0     | 65       | Activation Communication | Layer 32                                                                                                                                                                                                                                                      | 1758.41            | 0                   | 1758.41            |
  | 0     | 66       | Compute                  | Layer 33                                                                                                                                                                                                                                                      | 1758.41            | 2.89                | 1761.30            |
  | 0     | 67       | Activation Communication | Layer 33                                                                                                                                                                                                                                                      | 1761.30            | 0                   | 1761.30            |
  | 0     | 68       | Compute                  | Layer 34                                                                                                                                                                                                                                                      | 1761.30            | 0.00                | 1761.30            |
  | 0     | 69       | Activation Communication | Layer 34                                                                                                                                                                                                                                                      | 1761.30            | 0                   | 1761.30            |
  | 0     | 70       | Compute                  | Layer 35                                                                                                                                                                                                                                                      | 1761.30            | 2.89                | 1764.18            |
  | 0     | 71       | Activation Communication | Layer 35                                                                                                                                                                                                                                                      | 1764.18            | 0                   | 1764.18            |
  | 0     | 72       | Compute                  | Layer 36                                                                                                                                                                                                                                                      | 1764.18            | 7.53                | 1771.71            |
  | 0     | 73       | Activation Communication | Layer 36                                                                                                                                                                                                                                                      | 1771.71            | 0                   | 1771.71            |
  | 0     | 74       | Compute                  | Layer 37                                                                                                                                                                                                                                                      | 1771.71            | 0.00                | 1771.71            |
  | 0     | 75       | Activation Communication | Layer 37                                                                                                                                                                                                                                                      | 1771.71            | 0                   | 1771.71            |
  | 0     | 76       | Compute                  | Layer 38                                                                                                                                                                                                                                                      | 1771.71            | 0.06                | 1771.77            |
  | 0     | 77       | Activation Communication | Layer 38                                                                                                                                                                                                                                                      | 1771.77            | 0                   | 1771.77            |
  | 0     | 78       | Compute                  | Layer 39                                                                                                                                                                                                                                                      | 1771.77            | 0.06                | 1771.83            |
  | 0     | 79       | Activation Communication | Layer 39                                                                                                                                                                                                                                                      | 1771.83            | 0                   | 1771.83            |
  | 0     | 80       | Compute                  | Layer 40                                                                                                                                                                                                                                                      | 1771.83            | 10.54               | 1782.36            |
  | 0     | 81       | Activation Communication | Layer 40                                                                                                                                                                                                                                                      | 1782.36            | 0                   | 1782.36            |
  | 0     | 82       | Compute                  | Layer 41                                                                                                                                                                                                                                                      | 1782.36            | 14.75               | 1797.12            |
  | 0     | 83       | Activation Communication | Layer 41                                                                                                                                                                                                                                                      | 1797.12            | 0                   | 1797.12            |
  | 0     | 84       | Compute                  | Layer 42                                                                                                                                                                                                                                                      | 1797.12            | 0.00                | 1797.12            |
  | 0     | 85       | Activation Communication | Layer 42                                                                                                                                                                                                                                                      | 1797.12            | 0                   | 1797.12            |
  | 0     | 86       | Compute                  | Layer 43                                                                                                                                                                                                                                                      | 1797.12            | 0.11                | 1797.23            |
  | 0     | 87       | Activation Communication | Layer 43                                                                                                                                                                                                                                                      | 1797.23            | 0                   | 1797.23            |
  | 0     | 88       | Compute                  | Layer 44                                                                                                                                                                                                                                                      | 1797.23            | 0.11                | 1797.34            |
  | 0     | 89       | Activation Communication | Layer 44                                                                                                                                                                                                                                                      | 1797.34            | 0                   | 1797.34            |
  | 0     | 90       | Compute                  | Layer 45                                                                                                                                                                                                                                                      | 1797.34            | 14.75               | 1812.09            |
  | 0     | 91       | Activation Communication | Layer 45                                                                                                                                                                                                                                                      | 1812.09            | 0                   | 1812.09            |
  | 0     | 92       | Compute                  | Layer 46                                                                                                                                                                                                                                                      | 1812.09            | 14.75               | 1826.85            |
  | 0     | 93       | Activation Communication | Layer 46                                                                                                                                                                                                                                                      | 1826.85            | 0                   | 1826.85            |
  | 0     | 94       | Compute                  | Layer 47                                                                                                                                                                                                                                                      | 1826.85            | 0.00                | 1826.85            |
  | 0     | 95       | Activation Communication | Layer 47                                                                                                                                                                                                                                                      | 1826.85            | 0                   | 1826.85            |
  | 0     | 96       | Compute                  | Layer 48                                                                                                                                                                                                                                                      | 1826.85            | 0.11                | 1826.96            |
  | 0     | 97       | Activation Communication | Layer 48                                                                                                                                                                                                                                                      | 1826.96            | 0                   | 1826.96            |
  | 0     | 98       | Compute                  | Layer 49                                                                                                                                                                                                                                                      | 1826.96            | 0.11                | 1827.07            |
  | 0     | 99       | Activation Communication | Layer 49                                                                                                                                                                                                                                                      | 1827.07            | 0                   | 1827.07            |
  | 0     | 100      | Compute                  | Layer 50                                                                                                                                                                                                                                                      | 1827.07            | 5.27                | 1832.34            |
  | 0     | 101      | Activation Communication | Layer 50                                                                                                                                                                                                                                                      | 1832.34            | 0                   | 1832.34            |
  | 0     | 102      | Compute                  | Layer 51                                                                                                                                                                                                                                                      | 1832.34            | 7.53                | 1839.87            |
  | 0     | 103      | Activation Communication | Layer 51                                                                                                                                                                                                                                                      | 1839.87            | 0                   | 1839.87            |
  | 0     | 104      | Compute                  | Layer 52                                                                                                                                                                                                                                                      | 1839.87            | 0.00                | 1839.87            |
  | 0     | 105      | Activation Communication | Layer 52                                                                                                                                                                                                                                                      | 1839.87            | 0                   | 1839.87            |
  | 0     | 106      | Compute                  | Layer 53                                                                                                                                                                                                                                                      | 1839.87            | 0.23                | 1840.10            |
  | 0     | 107      | Activation Communication | Layer 53                                                                                                                                                                                                                                                      | 1840.10            | 0                   | 1840.10            |
  | 0     | 108      | Compute                  | Layer 54                                                                                                                                                                                                                                                      | 1840.10            | 0.23                | 1840.33            |
  | 0     | 109      | Activation Communication | Layer 54                                                                                                                                                                                                                                                      | 1840.33            | 0                   | 1840.33            |
  | 0     | 110      | Compute                  | Layer 55                                                                                                                                                                                                                                                      | 1840.33            | 7.53                | 1847.86            |
  | 0     | 111      | Activation Communication | Layer 55                                                                                                                                                                                                                                                      | 1847.86            | 0                   | 1847.86            |
  | 0     | 112      | Compute                  | Layer 56                                                                                                                                                                                                                                                      | 1847.86            | 7.53                | 1855.38            |
  | 0     | 113      | Activation Communication | Layer 56                                                                                                                                                                                                                                                      | 1855.38            | 0                   | 1855.38            |
  | 0     | 114      | Compute                  | Layer 57                                                                                                                                                                                                                                                      | 1855.38            | 0.00                | 1855.38            |
  | 0     | 115      | Activation Communication | Layer 57                                                                                                                                                                                                                                                      | 1855.38            | 0                   | 1855.38            |
  | 0     | 116      | Compute                  | Layer 58                                                                                                                                                                                                                                                      | 1855.38            | 0.23                | 1855.61            |
  | 0     | 117      | Activation Communication | Layer 58                                                                                                                                                                                                                                                      | 1855.61            | 0.07                | 1855.69            |
  | 0     | 118      | Compute                  | Layer 59                                                                                                                                                                                                                                                      | 1855.69            | 0.14                | 1855.83            |
  | 0     | 119      | Activation Communication | Layer 59                                                                                                                                                                                                                                                      | 1855.83            | 0.25                | 1856.08            |
  | 0     | 120      | Compute                  | Layer 60                                                                                                                                                                                                                                                      | 1856.08            | 7.53                | 1863.61            |
  | 0     | 121      | Activation Communication | Layer 60                                                                                                                                                                                                                                                      | 1863.61            | 0                   | 1863.61            |
  | 0     | 122      | Compute                  | Layer 61                                                                                                                                                                                                                                                      | 1863.61            | 7.53                | 1871.14            |
  | 0     | 123      | Activation Communication | Layer 61                                                                                                                                                                                                                                                      | 1871.14            | 0                   | 1871.14            |
  | 0     | 124      | Compute                  | Layer 62                                                                                                                                                                                                                                                      | 1871.14            | 1.23                | 1872.37            |
  | 0     | 125      | Activation Communication | Layer 62                                                                                                                                                                                                                                                      | 1872.37            | 0.40                | 1872.77            |
  | 0     | 126      | Compute                  | Layer 63                                                                                                                                                                                                                                                      | 1872.77            | 0.92                | 1873.69            |
  +-------+----------+--------------------------+---------------------------------------------------------------------------------------------------------------------------------------------------------------------------------------------------------------------------------------------------------------+--------------------+---------------------+--------------------+

Weight Loading Schedule:
--------------------------------------------------
  Weight Loading Schedule Table:

  +-------+-------+------------+---------------+-----------------+--------------------+
  | Input | Op ID | Start (μs) | Duration (μs) | Completion (μs) | Next Compute Layer |
  +-------+-------+------------+---------------+-----------------+--------------------+
  | 0     | 127   | 0.00       | 1674.97       | 1674.97         | Input 0, Layer 0   |
  +-------+-------+------------+---------------+-----------------+--------------------+

Weight Loading Traffic (bytes):
--------------------------------------------------
  Weight Loading Traffic Table:

  +-------+-------+--------------------------------------------------+
  | Input | Op ID | Traffic                                          |
  +-------+-------+--------------------------------------------------+
  | 0     | 127   | {1: {2: 153600, 3: 5393, 12: 153600, 11: 22400}} |
  +-------+-------+--------------------------------------------------+

Activation Communication Traffic (bytes):
--------------------------------------------------
  Activation Communication Traffic Table:

  +-------+----------------------------+
  | Layer | Traffic                    |
  +-------+----------------------------+
  | 0     | {2: {}}                    |
  | 1     | {2: {}}                    |
  | 2     | {2: {}}                    |
  | 3     | {2: {}}                    |
  | 4     | {2: {}}                    |
  | 5     | {2: {}}                    |
  | 6     | {2: {}}                    |
  | 7     | {2: {}}                    |
  | 8     | {2: {}}                    |
  | 9     | {2: {}}                    |
  | 10    | {2: {}}                    |
  | 11    | {2: {}}                    |
  | 12    | {2: {}}                    |
  | 13    | {2: {}}                    |
  | 14    | {2: {}}                    |
  | 15    | {2: {}}                    |
  | 16    | {2: {}}                    |
  | 17    | {2: {}}                    |
  | 18    | {2: {}}                    |
  | 19    | {2: {}}                    |
  | 20    | {2: {}}                    |
  | 21    | {2: {}}                    |
  | 22    | {2: {}}                    |
  | 23    | {2: {}}                    |
  | 24    | {2: {}}                    |
  | 25    | {2: {}}                    |
  | 26    | {2: {}}                    |
  | 27    | {2: {}}                    |
  | 28    | {2: {}}                    |
  | 29    | {2: {}}                    |
  | 30    | {2: {}}                    |
  | 31    | {2: {}}                    |
  | 32    | {2: {}}                    |
  | 33    | {2: {}}                    |
  | 34    | {2: {}}                    |
  | 35    | {2: {}}                    |
  | 36    | {2: {}}                    |
  | 37    | {2: {}}                    |
  | 38    | {2: {}}                    |
  | 39    | {2: {}}                    |
  | 40    | {2: {}}                    |
  | 41    | {2: {}}                    |
  | 42    | {2: {}}                    |
  | 43    | {2: {}}                    |
  | 44    | {2: {}}                    |
  | 45    | {2: {}}                    |
  | 46    | {2: {}}                    |
  | 47    | {2: {}}                    |
  | 48    | {2: {}}                    |
  | 49    | {2: {}}                    |
  | 50    | {2: {}}                    |
  | 51    | {2: {}}                    |
  | 52    | {2: {}}                    |
  | 53    | {2: {}}                    |
  | 54    | {2: {}}                    |
  | 55    | {2: {}}                    |
  | 56    | {2: {}}                    |
  | 57    | {2: {}}                    |
  | 58    | {2: {3: 15}}               |
  | 59    | {2: {12: 37}, 3: {12: 22}} |
  | 60    | {12: {}}                   |
  | 61    | {12: {}}                   |
  | 62    | {12: {11: 80}}             |
  | 63    | {}                         |
  +-------+----------------------------+

Communication Co-active Layers:
--------------------------------------------------
  No co-active layers detected for this model

Communication Co-active Traffic:
--------------------------------------------------
  Co-active Traffic Table:

  +----------+-----------+-------+-------+-------+-------+--------------------------+---------------+-------------------+
  | Sim Call | Time (μs) | Model | Input | Layer | Phase | Type                     | Next Layer    | Co-active Traffic |
  +----------+-----------+-------+-------+-------+-------+--------------------------+---------------+-------------------+
  | 1        | 0.00      | 1     | 0     | 0     | 127   | Weight Loading           | Next: Layer 0 | {}                |
  | 2        | 1866.00   | 1     | 0     | 58    | 117   | Activation Communication |               | {}                |
  | 3        | 1870.00   | 1     | 0     | 59    | 119   | Activation Communication |               | {}                |
  | 4        | 1880.00   | 1     | 0     | 62    | 125   | Activation Communication |               | {}                |
  +----------+-----------+-------+-------+-------+-------+--------------------------+---------------+-------------------+

Layer Energy per input:
--------------------------------------------------
  Energy Table:

  +-------+-------+---------------------+
  | Input | Layer | Compute Energy (fJ) |
  +-------+-------+---------------------+
  | 0     | 0     | 270950400.00        |
  | 0     | 1     | 5644800.00          |
  | 0     | 2     | 160563200.00        |
  | 0     | 3     | 642252800.00        |
  | 0     | 4     | 1411200.00          |
  | 0     | 5     | 240844800.00        |
  | 0     | 6     | 270950400.00        |
  | 0     | 7     | 1411200.00          |
  | 0     | 8     | 270950400.00        |
  | 0     | 9     | 270950400.00        |
  | 0     | 10    | 980000.00           |
  | 0     | 11    | 86400.00            |
  | 0     | 12    | 86400.00            |
  | 0     | 13    | 112896000.00        |
  | 0     | 14    | 188160000.00        |
  | 0     | 15    | 980000.00           |
  | 0     | 16    | 192000.00           |
  | 0     | 17    | 192000.00           |
  | 0     | 18    | 188160000.00        |
  | 0     | 19    | 188160000.00        |
  | 0     | 20    | 980000.00           |
  | 0     | 21    | 192000.00           |
  | 0     | 22    | 192000.00           |
  | 0     | 23    | 188160000.00        |
  | 0     | 24    | 376320000.00        |
  | 0     | 25    | 88200.00            |
  | 0     | 26    | 188160000.00        |
  | 0     | 27    | 156800000.00        |
  | 0     | 28    | 88200.00            |
  | 0     | 29    | 156800000.00        |
  | 0     | 30    | 144256000.00        |
  | 0     | 31    | 88200.00            |
  | 0     | 32    | 144256000.00        |
  | 0     | 33    | 144256000.00        |
  | 0     | 34    | 88200.00            |
  | 0     | 35    | 144256000.00        |
  | 0     | 36    | 376320000.00        |
  | 0     | 37    | 88200.00            |
  | 0     | 38    | 2880000.00          |
  | 0     | 39    | 2880000.00          |
  | 0     | 40    | 526848000.00        |
  | 0     | 41    | 737587200.00        |
  | 0     | 42    | 88200.00            |
  | 0     | 43    | 5644800.00          |
  | 0     | 44    | 5644800.00          |
  | 0     | 45    | 737587200.00        |
  | 0     | 46    | 737587200.00        |
  | 0     | 47    | 61250.00            |
  | 0     | 48    | 5644800.00          |
  | 0     | 49    | 5644800.00          |
  | 0     | 50    | 263424000.00        |
  | 0     | 51    | 376320000.00        |
  | 0     | 52    | 61250.00            |
  | 0     | 53    | 11520000.00         |
  | 0     | 54    | 11520000.00         |
  | 0     | 55    | 376320000.00        |
  | 0     | 56    | 376320000.00        |
  | 0     | 57    | 61250.00            |
  | 0     | 58    | 11520000.00         |
  | 0     | 59    | 11520000.00         |
  | 0     | 60    | 376320000.00        |
  | 0     | 61    | 376320000.00        |
  | 0     | 62    | 61440000.00         |
  | 0     | 63    | 64000000.00         |
  +-------+-------+---------------------+

Model Mapping:
--------------------------------------------------
  --- Total chiplets used ---
    Value: 4.00
  ---------------------------

  Mapping Table:

  +-------+---------+--------------------+
  | Layer | Chiplet | Percent            |
  +-------+---------+--------------------+
  | 0     | 2       | 100                |
  | 1     | 2       | 100                |
  | 2     | 2       | 100                |
  | 3     | 2       | 100                |
  | 4     | 2       | 100                |
  | 5     | 2       | 100                |
  | 6     | 2       | 100                |
  | 7     | 2       | 100                |
  | 8     | 2       | 100                |
  | 9     | 2       | 100                |
  | 10    | 2       | 100                |
  | 11    | 2       | 100                |
  | 12    | 2       | 100                |
  | 13    | 2       | 100                |
  | 14    | 2       | 100                |
  | 15    | 2       | 100                |
  | 16    | 2       | 100                |
  | 17    | 2       | 100                |
  | 18    | 2       | 100                |
  | 19    | 2       | 100                |
  | 20    | 2       | 100                |
  | 21    | 2       | 100                |
  | 22    | 2       | 100                |
  | 23    | 2       | 100                |
  | 24    | 2       | 100                |
  | 25    | 2       | 100                |
  | 26    | 2       | 100                |
  | 27    | 2       | 100                |
  | 28    | 2       | 100                |
  | 29    | 2       | 100                |
  | 30    | 2       | 100                |
  | 31    | 2       | 100                |
  | 32    | 2       | 100                |
  | 33    | 2       | 100                |
  | 34    | 2       | 100                |
  | 35    | 2       | 100                |
  | 36    | 2       | 100                |
  | 37    | 2       | 100                |
  | 38    | 2       | 100                |
  | 39    | 2       | 100                |
  | 40    | 2       | 100                |
  | 41    | 2       | 100                |
  | 42    | 2       | 100                |
  | 43    | 2       | 100                |
  | 44    | 2       | 100                |
  | 45    | 2       | 100                |
  | 46    | 2       | 100                |
  | 47    | 2       | 100                |
  | 48    | 2       | 100                |
  | 49    | 2       | 100                |
  | 50    | 2       | 100                |
  | 51    | 2       | 100                |
  | 52    | 2       | 100                |
  | 53    | 2       | 100                |
  | 54    | 2       | 100                |
  | 55    | 2       | 100                |
  | 56    | 2       | 100                |
  | 57    | 2       | 100                |
  | 58    | 2       | 100                |
  | 59    | 2       | 62.55              |
  | 59    | 3       | 37.45              |
  | 60    | 12      | 100                |
  | 61    | 12      | 100                |
  | 62    | 12      | 100                |
  | 63    | 11      | 28.00              |
  | 63    | 12      | 72.00              |
  +-------+---------+--------------------+
