================================================================================
System Utilization Metrics
================================================================================


System-Wide Metrics:
--------------------------------------------------
  Time Step Used for Analysis: 1.00 μs
  Mean Per-Chiplet Compute Time Utilization (Method 1): 0.69 %
  Mean Per-Chiplet Activation Communication Time Utilization (Method 1): 0.12 %
  Mean Per-Chiplet Weight Loading Time Utilization (Method 1): 84.99 %
  Mean Per-Chiplet Combined Time Utilization (Method 1): 85.14 %

Total Compute Utilization (Method 1):
--------------------------------------------------
  Compute Time Based Utilization (Per Chiplet):

  +------------+-------------------------+----------------------+
  | Chiplet ID | Total Compute Time (μs) | Utilization (%)      |
  +------------+-------------------------+----------------------+
  | 2          | 1981.91                 | 8.38                 |
  | 3          | 180.64                  | 0.76                 |
  | 4          | 481.69                  | 2.04                 |
  | 5          | 136.68                  | 0.58                 |
  | 6          | 117.46                  | 0.50                 |
  | 7          | 2.46                    | 0.01                 |
  | 8          | 37.58                   | 0.16                 |
  | 9          | 2.46                    | 0.01                 |
  | 11         | 202.31                  | 0.86                 |
  | 12         | 481.69                  | 2.04                 |
  | 13         | 679.18                  | 2.87                 |
  | 14         | 894.74                  | 3.79                 |
  | 15         | 614.15                  | 2.60                 |
  | 16         | 120.42                  | 0.51                 |
  | 17         | 122.88                  | 0.52                 |
  | 18         | 120.42                  | 0.51                 |
  | 19         | 2.46                    | 0.01                 |
  | 20         | 2.46                    | 0.01                 |
  | 23         | 2.46                    | 0.01                 |
  | 24         | 122.88                  | 0.52                 |
  | 25         | 120.42                  | 0.51                 |
  | 26         | 135.48                  | 0.57                 |
  | 27         | 120.42                  | 0.51                 |
  | 28         | 135.48                  | 0.57                 |
  | 29         | 120.42                  | 0.51                 |
  | 30         | 2.46                    | 0.01                 |
  | 34         | 2.46                    | 0.01                 |
  | 35         | 2.46                    | 0.01                 |
  | 36         | 120.42                  | 0.51                 |
  | 37         | 2.46                    | 0.01                 |
  | 38         | 122.88                  | 0.52                 |
  | 39         | 2.46                    | 0.01                 |
  | 40         | 2.46                    | 0.01                 |
  | 45         | 2.46                    | 0.01                 |
  | 46         | 2.46                    | 0.01                 |
  | 47         | 2.46                    | 0.01                 |
  | 48         | 2.46                    | 0.01                 |
  | 49         | 2.46                    | 0.01                 |
  | 50         | 2.46                    | 0.01                 |
  | 56         | 2.46                    | 0.01                 |
  | 57         | 2.46                    | 0.01                 |
  | 58         | 2.46                    | 0.01                 |
  | 59         | 2.46                    | 0.01                 |
  | 68         | 2.46                    | 0.01                 |
  +------------+-------------------------+----------------------+

Total Activation Communication Utilization (Method 1):
--------------------------------------------------
  Activation Communication Time Based Utilization (Per Chiplet):

  +------------+------------------------------------------+---------------------+
  | Chiplet ID | Total Activation Communication Time (μs) | Utilization (%)     |
  +------------+------------------------------------------+---------------------+
  | 2          | 44.07                                    | 0.19                |
  | 3          | 20.55                                    | 0.09                |
  | 4          | 32.78                                    | 0.14                |
  | 5          | 43.34                                    | 0.18                |
  | 6          | 8.06                                     | 0.03                |
  | 7          | 0.00                                     | 0.00                |
  | 8          | 529.21                                   | 2.24                |
  | 9          | 0.00                                     | 0.00                |
  | 11         | 21.43                                    | 0.09                |
  | 12         | 44.95                                    | 0.19                |
  | 13         | 46.97                                    | 0.20                |
  | 14         | 115.02                                   | 0.49                |
  | 15         | 88.78                                    | 0.38                |
  | 16         | 11.90                                    | 0.05                |
  | 17         | 11.90                                    | 0.05                |
  | 18         | 11.87                                    | 0.05                |
  | 19         | 0.00                                     | 0.00                |
  | 20         | 0.00                                     | 0.00                |
  | 23         | 0.00                                     | 0.00                |
  | 24         | 12.08                                    | 0.05                |
  | 25         | 11.90                                    | 0.05                |
  | 26         | 56.18                                    | 0.24                |
  | 27         | 12.08                                    | 0.05                |
  | 28         | 55.97                                    | 0.24                |
  | 29         | 11.87                                    | 0.05                |
  | 30         | 0.00                                     | 0.00                |
  | 34         | 0.00                                     | 0.00                |
  | 35         | 0.00                                     | 0.00                |
  | 36         | 12.08                                    | 0.05                |
  | 37         | 0.00                                     | 0.00                |
  | 38         | 11.87                                    | 0.05                |
  | 39         | 0.00                                     | 0.00                |
  | 40         | 0.00                                     | 0.00                |
  | 45         | 0.00                                     | 0.00                |
  | 46         | 0.00                                     | 0.00                |
  | 47         | 0.00                                     | 0.00                |
  | 48         | 0.00                                     | 0.00                |
  | 49         | 0.00                                     | 0.00                |
  | 50         | 0.00                                     | 0.00                |
  | 56         | 0.00                                     | 0.00                |
  | 57         | 0.00                                     | 0.00                |
  | 58         | 0.00                                     | 0.00                |
  | 59         | 0.00                                     | 0.00                |
  | 68         | 0.00                                     | 0.00                |
  +------------+------------------------------------------+---------------------+

Total Weight Loading Utilization (Method 1):
--------------------------------------------------
  Weight Loading Time Based Utilization (Per Chiplet):

  +------------+--------------------------------+-------------------+
  | Chiplet ID | Total Weight Loading Time (μs) | Utilization (%)   |
  +------------+--------------------------------+-------------------+
  | 2          | 423936.02                      | 100.00            |
  | 3          | 36864.00                       | 100.00            |
  | 4          | 18432.00                       | 77.98             |
  | 5          | 55296.00                       | 100.00            |
  | 6          | 36864.00                       | 100.00            |
  | 7          | 18432.00                       | 77.98             |
  | 8          | 55296.00                       | 100.00            |
  | 9          | 18432.00                       | 77.98             |
  | 11         | 18432.00                       | 77.98             |
  | 12         | 110592.01                      | 100.00            |
  | 13         | 110592.01                      | 100.00            |
  | 14         | 73728.00                       | 100.00            |
  | 15         | 73728.00                       | 100.00            |
  | 16         | 18432.00                       | 77.98             |
  | 17         | 36864.00                       | 100.00            |
  | 18         | 18432.00                       | 77.98             |
  | 19         | 18432.00                       | 77.98             |
  | 20         | 18432.00                       | 77.98             |
  | 23         | 18432.00                       | 77.98             |
  | 24         | 36864.00                       | 100.00            |
  | 25         | 18432.00                       | 77.98             |
  | 26         | 55296.00                       | 100.00            |
  | 27         | 18432.00                       | 77.98             |
  | 28         | 55296.00                       | 100.00            |
  | 29         | 18432.00                       | 77.98             |
  | 30         | 18432.00                       | 77.98             |
  | 34         | 18432.00                       | 77.98             |
  | 35         | 18432.00                       | 77.98             |
  | 36         | 18432.00                       | 77.98             |
  | 37         | 18432.00                       | 77.98             |
  | 38         | 36864.00                       | 100.00            |
  | 39         | 18432.00                       | 77.98             |
  | 40         | 18432.00                       | 77.98             |
  | 45         | 18432.00                       | 77.98             |
  | 46         | 18432.00                       | 77.98             |
  | 47         | 18432.00                       | 77.98             |
  | 48         | 18432.00                       | 77.98             |
  | 49         | 18432.00                       | 77.98             |
  | 50         | 18432.00                       | 77.98             |
  | 56         | 18432.00                       | 77.98             |
  | 57         | 18432.00                       | 77.98             |
  | 58         | 18432.00                       | 77.98             |
  | 59         | 18432.00                       | 77.98             |
  | 68         | 18432.00                       | 77.98             |
  +------------+--------------------------------+-------------------+

Total Combined Utilization (Method 1):
--------------------------------------------------
  Combined Busy Time Based Utilization (Per Chiplet) - Compute + Activation Communication + Weight Loading:

  +------------+-------------------------------+-------------------+
  | Chiplet ID | Total Combined Busy Time (μs) | Utilization (%)   |
  +------------+-------------------------------+-------------------+
  | 2          | 425962.00                     | 100.00            |
  | 3          | 37065.19                      | 100.00            |
  | 4          | 18946.47                      | 80.16             |
  | 5          | 55476.02                      | 100.00            |
  | 6          | 36989.52                      | 100.00            |
  | 7          | 18434.46                      | 77.99             |
  | 8          | 55862.79                      | 100.00            |
  | 9          | 18434.46                      | 77.99             |
  | 11         | 18655.74                      | 78.93             |
  | 12         | 111118.64                     | 100.00            |
  | 13         | 111318.15                     | 100.00            |
  | 14         | 74737.77                      | 100.00            |
  | 15         | 74430.94                      | 100.00            |
  | 16         | 18564.33                      | 78.54             |
  | 17         | 36998.79                      | 100.00            |
  | 18         | 18564.29                      | 78.54             |
  | 19         | 18434.46                      | 77.99             |
  | 20         | 18434.46                      | 77.99             |
  | 23         | 18434.46                      | 77.99             |
  | 24         | 36998.96                      | 100.00            |
  | 25         | 18564.33                      | 78.54             |
  | 26         | 55487.66                      | 100.00            |
  | 27         | 18564.51                      | 78.54             |
  | 28         | 55487.44                      | 100.00            |
  | 29         | 18564.29                      | 78.54             |
  | 30         | 18434.46                      | 77.99             |
  | 34         | 18434.46                      | 77.99             |
  | 35         | 18434.46                      | 77.99             |
  | 36         | 18564.51                      | 78.54             |
  | 37         | 18434.46                      | 77.99             |
  | 38         | 36998.75                      | 100.00            |
  | 39         | 18434.46                      | 77.99             |
  | 40         | 18434.46                      | 77.99             |
  | 45         | 18434.46                      | 77.99             |
  | 46         | 18434.46                      | 77.99             |
  | 47         | 18434.46                      | 77.99             |
  | 48         | 18434.46                      | 77.99             |
  | 49         | 18434.46                      | 77.99             |
  | 50         | 18434.46                      | 77.99             |
  | 56         | 18434.46                      | 77.99             |
  | 57         | 18434.46                      | 77.99             |
  | 58         | 18434.46                      | 77.99             |
  | 59         | 18434.46                      | 77.99             |
  | 68         | 18434.46                      | 77.99             |
  +------------+-------------------------------+-------------------+
