================================================================================
System Utilization Metrics
================================================================================


System-Wide Metrics:
--------------------------------------------------
  Time Step Used for Analysis: 1.00 μs
  Mean Per-Chiplet Compute Time Utilization (Method 1): 0.02 %
  Mean Per-Chiplet Activation Communication Time Utilization (Method 1): 0.15 %
  Mean Per-Chiplet Weight Loading Time Utilization (Method 1): 96.25 %
  Mean Per-Chiplet Combined Time Utilization (Method 1): 96.26 %

Total Compute Utilization (Method 1):
--------------------------------------------------
  Compute Time Based Utilization (Per Chiplet):

  +------------+-------------------------+------------------------+
  | Chiplet ID | Total Compute Time (μs) | Utilization (%)        |
  +------------+-------------------------+------------------------+
  | 2          | 50.50                   | 0.27                   |
  | 3          | 10.18                   | 0.05                   |
  | 4          | 4.60                    | 0.02                   |
  | 5          | 0.03                    | 0.00                   |
  | 11         | 2.31                    | 0.01                   |
  | 12         | 5.02                    | 0.03                   |
  | 13         | 8.48                    | 0.05                   |
  | 14         | 9.53                    | 0.05                   |
  | 15         | 9.16                    | 0.05                   |
  | 16         | 0.03                    | 0.00                   |
  | 21         | 2.28                    | 0.01                   |
  | 22         | 2.54                    | 0.01                   |
  | 23         | 13.70                   | 0.07                   |
  | 24         | 9.66                    | 0.05                   |
  | 25         | 2.81                    | 0.02                   |
  | 26         | 2.31                    | 0.01                   |
  | 27         | 0.03                    | 0.00                   |
  | 31         | 0.71                    | 0.00                   |
  | 32         | 2.28                    | 0.01                   |
  | 33         | 2.54                    | 0.01                   |
  | 34         | 2.28                    | 0.01                   |
  | 35         | 2.54                    | 0.01                   |
  | 36         | 2.28                    | 0.01                   |
  | 37         | 0.03                    | 0.00                   |
  | 38         | 0.03                    | 0.00                   |
  | 41         | 0.03                    | 0.00                   |
  | 42         | 0.03                    | 0.00                   |
  | 43         | 2.28                    | 0.01                   |
  | 44         | 0.03                    | 0.00                   |
  | 45         | 2.31                    | 0.01                   |
  | 46         | 0.03                    | 0.00                   |
  | 51         | 0.03                    | 0.00                   |
  | 52         | 0.03                    | 0.00                   |
  | 53         | 0.03                    | 0.00                   |
  | 54         | 0.03                    | 0.00                   |
  | 55         | 0.03                    | 0.00                   |
  | 61         | 0.03                    | 0.00                   |
  | 62         | 0.03                    | 0.00                   |
  | 63         | 0.03                    | 0.00                   |
  | 64         | 0.03                    | 0.00                   |
  | 71         | 0.03                    | 0.00                   |
  | 72         | 0.03                    | 0.00                   |
  | 73         | 0.03                    | 0.00                   |
  | 81         | 0.03                    | 0.00                   |
  | 82         | 0.03                    | 0.00                   |
  +------------+-------------------------+------------------------+

Total Activation Communication Utilization (Method 1):
--------------------------------------------------
  Activation Communication Time Based Utilization (Per Chiplet):

  +------------+------------------------------------------+---------------------+
  | Chiplet ID | Total Activation Communication Time (μs) | Utilization (%)     |
  +------------+------------------------------------------+---------------------+
  | 2          | 26.32                                    | 0.14                |
  | 3          | 48.05                                    | 0.26                |
  | 4          | 21.73                                    | 0.12                |
  | 5          | 0.00                                     | 0.00                |
  | 11         | 11.77                                    | 0.06                |
  | 12         | 31.48                                    | 0.17                |
  | 13         | 43.23                                    | 0.23                |
  | 14         | 66.67                                    | 0.36                |
  | 15         | 31.39                                    | 0.17                |
  | 16         | 0.00                                     | 0.00                |
  | 21         | 11.77                                    | 0.06                |
  | 22         | 70.57                                    | 0.38                |
  | 23         | 54.77                                    | 0.29                |
  | 24         | 66.53                                    | 0.36                |
  | 25         | 43.09                                    | 0.23                |
  | 26         | 7.81                                     | 0.04                |
  | 27         | 0.00                                     | 0.00                |
  | 31         | 548.81                                   | 2.95                |
  | 32         | 11.75                                    | 0.06                |
  | 33         | 55.85                                    | 0.30                |
  | 34         | 11.89                                    | 0.06                |
  | 35         | 55.99                                    | 0.30                |
  | 36         | 11.89                                    | 0.06                |
  | 37         | 0.00                                     | 0.00                |
  | 38         | 0.00                                     | 0.00                |
  | 41         | 0.00                                     | 0.00                |
  | 42         | 0.00                                     | 0.00                |
  | 43         | 11.75                                    | 0.06                |
  | 44         | 0.00                                     | 0.00                |
  | 45         | 11.89                                    | 0.06                |
  | 46         | 0.00                                     | 0.00                |
  | 51         | 0.00                                     | 0.00                |
  | 52         | 0.00                                     | 0.00                |
  | 53         | 0.00                                     | 0.00                |
  | 54         | 0.00                                     | 0.00                |
  | 55         | 0.00                                     | 0.00                |
  | 61         | 0.00                                     | 0.00                |
  | 62         | 0.00                                     | 0.00                |
  | 63         | 0.00                                     | 0.00                |
  | 64         | 0.00                                     | 0.00                |
  | 71         | 0.00                                     | 0.00                |
  | 72         | 0.00                                     | 0.00                |
  | 73         | 0.00                                     | 0.00                |
  | 81         | 0.00                                     | 0.00                |
  | 82         | 0.00                                     | 0.00                |
  +------------+------------------------------------------+---------------------+

Total Weight Loading Utilization (Method 1):
--------------------------------------------------
  Weight Loading Time Based Utilization (Per Chiplet):

  +------------+--------------------------------+-------------------+
  | Chiplet ID | Total Weight Loading Time (μs) | Utilization (%)   |
  +------------+--------------------------------+-------------------+
  | 2          | 401486.50                      | 100.00            |
  | 3          | 69823.74                       | 100.00            |
  | 4          | 34911.87                       | 100.00            |
  | 5          | 17455.93                       | 93.97             |
  | 11         | 34911.87                       | 100.00            |
  | 12         | 34911.87                       | 100.00            |
  | 13         | 104735.61                      | 100.00            |
  | 14         | 52367.80                       | 100.00            |
  | 15         | 34911.87                       | 100.00            |
  | 16         | 17455.93                       | 93.97             |
  | 21         | 17455.93                       | 93.97             |
  | 22         | 52367.80                       | 100.00            |
  | 23         | 52367.80                       | 100.00            |
  | 24         | 52367.80                       | 100.00            |
  | 25         | 52367.80                       | 100.00            |
  | 26         | 34911.87                       | 100.00            |
  | 27         | 17455.93                       | 93.97             |
  | 31         | 52367.80                       | 100.00            |
  | 32         | 17455.93                       | 93.97             |
  | 33         | 52367.80                       | 100.00            |
  | 34         | 17455.93                       | 93.97             |
  | 35         | 52367.80                       | 100.00            |
  | 36         | 17455.93                       | 93.97             |
  | 37         | 17455.93                       | 93.97             |
  | 38         | 17455.93                       | 93.97             |
  | 41         | 17455.93                       | 93.97             |
  | 42         | 17455.93                       | 93.97             |
  | 43         | 17455.93                       | 93.97             |
  | 44         | 17455.93                       | 93.97             |
  | 45         | 34911.87                       | 100.00            |
  | 46         | 17455.93                       | 93.97             |
  | 51         | 17455.93                       | 93.97             |
  | 52         | 17455.93                       | 93.97             |
  | 53         | 17455.93                       | 93.97             |
  | 54         | 17455.93                       | 93.97             |
  | 55         | 17455.93                       | 93.97             |
  | 61         | 17455.93                       | 93.97             |
  | 62         | 17455.93                       | 93.97             |
  | 63         | 17455.93                       | 93.97             |
  | 64         | 17455.93                       | 93.97             |
  | 71         | 17455.93                       | 93.97             |
  | 72         | 17455.93                       | 93.97             |
  | 73         | 17455.93                       | 93.97             |
  | 81         | 17455.93                       | 93.97             |
  | 82         | 17455.93                       | 93.97             |
  +------------+--------------------------------+-------------------+

Total Combined Utilization (Method 1):
--------------------------------------------------
  Combined Busy Time Based Utilization (Per Chiplet) - Compute + Activation Communication + Weight Loading:

  +------------+-------------------------------+-------------------+
  | Chiplet ID | Total Combined Busy Time (μs) | Utilization (%)   |
  +------------+-------------------------------+-------------------+
  | 2          | 401563.33                     | 100.00            |
  | 3          | 69881.97                      | 100.00            |
  | 4          | 34938.19                      | 100.00            |
  | 5          | 17455.96                      | 93.97             |
  | 11         | 34925.95                      | 100.00            |
  | 12         | 34948.38                      | 100.00            |
  | 13         | 104787.32                     | 100.00            |
  | 14         | 52444.00                      | 100.00            |
  | 15         | 34952.43                      | 100.00            |
  | 16         | 17455.96                      | 93.97             |
  | 21         | 17469.99                      | 94.05             |
  | 22         | 52440.92                      | 100.00            |
  | 23         | 52436.28                      | 100.00            |
  | 24         | 52443.99                      | 100.00            |
  | 25         | 52413.70                      | 100.00            |
  | 26         | 34921.99                      | 100.00            |
  | 27         | 17455.96                      | 93.97             |
  | 31         | 52917.33                      | 100.00            |
  | 32         | 17469.97                      | 94.05             |
  | 33         | 52426.20                      | 100.00            |
  | 34         | 17470.11                      | 94.05             |
  | 35         | 52426.34                      | 100.00            |
  | 36         | 17470.11                      | 94.05             |
  | 37         | 17455.96                      | 93.97             |
  | 38         | 17455.96                      | 93.97             |
  | 41         | 17455.96                      | 93.97             |
  | 42         | 17455.96                      | 93.97             |
  | 43         | 17469.97                      | 94.05             |
  | 44         | 17455.96                      | 93.97             |
  | 45         | 34926.07                      | 100.00            |
  | 46         | 17455.96                      | 93.97             |
  | 51         | 17455.96                      | 93.97             |
  | 52         | 17455.96                      | 93.97             |
  | 53         | 17455.96                      | 93.97             |
  | 54         | 17455.96                      | 93.97             |
  | 55         | 17455.96                      | 93.97             |
  | 61         | 17455.96                      | 93.97             |
  | 62         | 17455.96                      | 93.97             |
  | 63         | 17455.96                      | 93.97             |
  | 64         | 17455.96                      | 93.97             |
  | 71         | 17455.96                      | 93.97             |
  | 72         | 17455.96                      | 93.97             |
  | 73         | 17455.96                      | 93.97             |
  | 81         | 17455.96                      | 93.97             |
  | 82         | 17455.96                      | 93.97             |
  +------------+-------------------------------+-------------------+
