================================================================================
Model 1: resnet50
================================================================================


Model Overall Times:
--------------------------------------------------
  Overall Times:
    Start: 0.00 μs
    End: 12166.93 μs
    Duration: 12166.93 μs

Input Start/End Times:
--------------------------------------------------
  Input Times Table:

  +-------+------------+--------------------+
  | Input | Start (μs) | End (μs)           |
  +-------+------------+--------------------+
  | 0     | 0.00       | 12166.93           |
  +-------+------------+--------------------+

Summed Time Per Input:
--------------------------------------------------
  Summed Time Table:

  +-------+--------------------+-------------------------------+---------------------+--------------------+
  | Input | Compute (μs)       | Activation Communication (μs) | Weight Loading (μs) | Total (μs)         |
  +-------+--------------------+-------------------------------+---------------------+--------------------+
  | 0     | 3027.97            | 293.79                        | 8845.18             | 12166.93           |
  +-------+--------------------+-------------------------------+---------------------+--------------------+

Layer Latency per input:
--------------------------------------------------
  Latency Table:

  +-------+-------+----------------------+------------------------------+
  | Input | Layer | Compute Latency (μs) | Activation Comm Latency (μs) |
  +-------+-------+----------------------+------------------------------+
  | 0     | 0     | 118.01               | -1                           |
  | 0     | 1     | 12.85                | -1                           |
  | 0     | 2     | 115.61               | -1                           |
  | 0     | 3     | 51.38                | -1                           |
  | 0     | 4     | 205.52               | -1                           |
  | 0     | 5     | 51.38                | -1                           |
  | 0     | 6     | 115.61               | -1                           |
  | 0     | 7     | 51.38                | -1                           |
  | 0     | 8     | 51.38                | -1                           |
  | 0     | 9     | 115.61               | -1                           |
  | 0     | 10    | 51.38                | -1                           |
  | 0     | 11    | 102.76               | -1                           |
  | 0     | 12    | 115.61               | -1                           |
  | 0     | 13    | 51.38                | -1                           |
  | 0     | 14    | 51.38                | -1                           |
  | 0     | 15    | 51.38                | -1                           |
  | 0     | 16    | 115.61               | -1                           |
  | 0     | 17    | 51.38                | -1                           |
  | 0     | 18    | 51.38                | -1                           |
  | 0     | 19    | 115.61               | -1                           |
  | 0     | 20    | 51.38                | -1                           |
  | 0     | 21    | 51.38                | -1                           |
  | 0     | 22    | 115.61               | -1                           |
  | 0     | 23    | 51.38                | -1                           |
  | 0     | 24    | 102.76               | -1                           |
  | 0     | 25    | 115.61               | 15.68                        |
  | 0     | 26    | 23.85                | 29.11                        |
  | 0     | 27    | 0.46                 | -1                           |
  | 0     | 28    | 0.46                 | -1                           |
  | 0     | 29    | 1.83                 | -1                           |
  | 0     | 30    | 0.46                 | 62.72                        |
  | 0     | 31    | 22.48                | 12.94                        |
  | 0     | 32    | 115.61               | -1                           |
  | 0     | 33    | 51.38                | -1                           |
  | 0     | 34    | 51.38                | -1                           |
  | 0     | 35    | 115.61               | -1                           |
  | 0     | 36    | 51.38                | -1                           |
  | 0     | 37    | 51.38                | 15.68                        |
  | 0     | 38    | 44.96                | 6.09                         |
  | 0     | 39    | 0.46                 | -1                           |
  | 0     | 40    | 0.46                 | -1                           |
  | 0     | 41    | 1.83                 | -1                           |
  | 0     | 42    | 0.46                 | -1                           |
  | 0     | 43    | 0.91                 | 31.36                        |
  | 0     | 44    | 105.97               | 7.64                         |
  | 0     | 45    | 14.45                | 46.84                        |
  | 0     | 46    | 39.32                | 8.56                         |
  | 0     | 47    | 0.46                 | 7.84                         |
  | 0     | 48    | 46.56                | 6.57                         |
  | 0     | 49    | 51.38                | -1                           |
  | 0     | 50    | 51.38                | 7.84                         |
  | 0     | 51    | 17.66                | 7.48                         |
  | 0     | 52    | 28.90                | 27.44                        |
  | 0     | 53    | 1.87                 | -1                           |
  +-------+-------+----------------------+------------------------------+

Phase Execution Schedule:
--------------------------------------------------
  Phase Schedule Table:

  +-------+----------+--------------------------+-----------------------------------------------------------------------------------------------------------------------------------------------------------------------------------------------------------------------+--------------------+---------------------+--------------------+
  | Input | Phase ID | Type                     | Description                                                                                                                                                                                                           | Start (μs)         | Duration (μs)       | Completion (μs)    |
  +-------+----------+--------------------------+-----------------------------------------------------------------------------------------------------------------------------------------------------------------------------------------------------------------------+--------------------+---------------------+--------------------+
  | 0     | 107      | Weight Loading           | Layers [0, 1, 2, 3, 4, 5, 6, 7, 8, 9, 10, 11, 12, 13, 14, 15, 16, 17, 18, 19, 20, 21, 22, 23, 24, 25, 26, 27, 28, 29, 30, 31, 32, 33, 34, 35, 36, 37, 38, 39, 40, 41, 42, 43, 44, 45, 46, 47, 48, 49, 50, 51, 52, 53] | 0.00               | 8845.18             | 8845.18            |
  | 0     | 0        | Compute                  | Layer 0                                                                                                                                                                                                               | 8845.18            | 118.01              | 8963.19            |
  | 0     | 1        | Activation Communication | Layer 0                                                                                                                                                                                                               | 8963.19            | 0                   | 8963.19            |
  | 0     | 2        | Compute                  | Layer 1                                                                                                                                                                                                               | 8963.19            | 12.85               | 8976.04            |
  | 0     | 3        | Activation Communication | Layer 1                                                                                                                                                                                                               | 8976.04            | 0                   | 8976.04            |
  | 0     | 4        | Compute                  | Layer 2                                                                                                                                                                                                               | 8976.04            | 115.61              | 9091.64            |
  | 0     | 5        | Activation Communication | Layer 2                                                                                                                                                                                                               | 9091.64            | 0                   | 9091.64            |
  | 0     | 6        | Compute                  | Layer 3                                                                                                                                                                                                               | 9091.64            | 51.38               | 9143.02            |
  | 0     | 7        | Activation Communication | Layer 3                                                                                                                                                                                                               | 9143.02            | 0                   | 9143.02            |
  | 0     | 8        | Compute                  | Layer 4                                                                                                                                                                                                               | 9143.02            | 205.52              | 9348.54            |
  | 0     | 9        | Activation Communication | Layer 4                                                                                                                                                                                                               | 9348.54            | 0                   | 9348.54            |
  | 0     | 10       | Compute                  | Layer 5                                                                                                                                                                                                               | 9348.54            | 51.38               | 9399.92            |
  | 0     | 11       | Activation Communication | Layer 5                                                                                                                                                                                                               | 9399.92            | 0                   | 9399.92            |
  | 0     | 12       | Compute                  | Layer 6                                                                                                                                                                                                               | 9399.92            | 115.61              | 9515.53            |
  | 0     | 13       | Activation Communication | Layer 6                                                                                                                                                                                                               | 9515.53            | 0                   | 9515.53            |
  | 0     | 14       | Compute                  | Layer 7                                                                                                                                                                                                               | 9515.53            | 51.38               | 9566.91            |
  | 0     | 15       | Activation Communication | Layer 7                                                                                                                                                                                                               | 9566.91            | 0                   | 9566.91            |
  | 0     | 16       | Compute                  | Layer 8                                                                                                                                                                                                               | 9566.91            | 51.38               | 9618.29            |
  | 0     | 17       | Activation Communication | Layer 8                                                                                                                                                                                                               | 9618.29            | 0                   | 9618.29            |
  | 0     | 18       | Compute                  | Layer 9                                                                                                                                                                                                               | 9618.29            | 115.61              | 9733.90            |
  | 0     | 19       | Activation Communication | Layer 9                                                                                                                                                                                                               | 9733.90            | 0                   | 9733.90            |
  | 0     | 20       | Compute                  | Layer 10                                                                                                                                                                                                              | 9733.90            | 51.38               | 9785.28            |
  | 0     | 21       | Activation Communication | Layer 10                                                                                                                                                                                                              | 9785.28            | 0                   | 9785.28            |
  | 0     | 22       | Compute                  | Layer 11                                                                                                                                                                                                              | 9785.28            | 102.76              | 9888.04            |
  | 0     | 23       | Activation Communication | Layer 11                                                                                                                                                                                                              | 9888.04            | 0                   | 9888.04            |
  | 0     | 24       | Compute                  | Layer 12                                                                                                                                                                                                              | 9888.04            | 115.61              | 10003.64           |
  | 0     | 25       | Activation Communication | Layer 12                                                                                                                                                                                                              | 10003.64           | 0                   | 10003.64           |
  | 0     | 26       | Compute                  | Layer 13                                                                                                                                                                                                              | 10003.64           | 51.38               | 10055.02           |
  | 0     | 27       | Activation Communication | Layer 13                                                                                                                                                                                                              | 10055.02           | 0                   | 10055.02           |
  | 0     | 28       | Compute                  | Layer 14                                                                                                                                                                                                              | 10055.02           | 51.38               | 10106.40           |
  | 0     | 29       | Activation Communication | Layer 14                                                                                                                                                                                                              | 10106.40           | 0                   | 10106.40           |
  | 0     | 30       | Compute                  | Layer 15                                                                                                                                                                                                              | 10106.40           | 51.38               | 10157.78           |
  | 0     | 31       | Activation Communication | Layer 15                                                                                                                                                                                                              | 10157.78           | 0                   | 10157.78           |
  | 0     | 32       | Compute                  | Layer 16                                                                                                                                                                                                              | 10157.78           | 115.61              | 10273.39           |
  | 0     | 33       | Activation Communication | Layer 16                                                                                                                                                                                                              | 10273.39           | 0                   | 10273.39           |
  | 0     | 34       | Compute                  | Layer 17                                                                                                                                                                                                              | 10273.39           | 51.38               | 10324.77           |
  | 0     | 35       | Activation Communication | Layer 17                                                                                                                                                                                                              | 10324.77           | 0                   | 10324.77           |
  | 0     | 36       | Compute                  | Layer 18                                                                                                                                                                                                              | 10324.77           | 51.38               | 10376.15           |
  | 0     | 37       | Activation Communication | Layer 18                                                                                                                                                                                                              | 10376.15           | 0                   | 10376.15           |
  | 0     | 38       | Compute                  | Layer 19                                                                                                                                                                                                              | 10376.15           | 115.61              | 10491.75           |
  | 0     | 39       | Activation Communication | Layer 19                                                                                                                                                                                                              | 10491.75           | 0                   | 10491.75           |
  | 0     | 40       | Compute                  | Layer 20                                                                                                                                                                                                              | 10491.75           | 51.38               | 10543.13           |
  | 0     | 41       | Activation Communication | Layer 20                                                                                                                                                                                                              | 10543.13           | 0                   | 10543.13           |
  | 0     | 42       | Compute                  | Layer 21                                                                                                                                                                                                              | 10543.13           | 51.38               | 10594.51           |
  | 0     | 43       | Activation Communication | Layer 21                                                                                                                                                                                                              | 10594.51           | 0                   | 10594.51           |
  | 0     | 44       | Compute                  | Layer 22                                                                                                                                                                                                              | 10594.51           | 115.61              | 10710.12           |
  | 0     | 45       | Activation Communication | Layer 22                                                                                                                                                                                                              | 10710.12           | 0                   | 10710.12           |
  | 0     | 46       | Compute                  | Layer 23                                                                                                                                                                                                              | 10710.12           | 51.38               | 10761.50           |
  | 0     | 47       | Activation Communication | Layer 23                                                                                                                                                                                                              | 10761.50           | 0                   | 10761.50           |
  | 0     | 48       | Compute                  | Layer 24                                                                                                                                                                                                              | 10761.50           | 102.76              | 10864.26           |
  | 0     | 49       | Activation Communication | Layer 24                                                                                                                                                                                                              | 10864.26           | 0                   | 10864.26           |
  | 0     | 50       | Compute                  | Layer 25                                                                                                                                                                                                              | 10864.26           | 115.61              | 10979.87           |
  | 0     | 51       | Activation Communication | Layer 25                                                                                                                                                                                                              | 10979.87           | 15.68               | 10995.55           |
  | 0     | 52       | Compute                  | Layer 26                                                                                                                                                                                                              | 10995.55           | 23.85               | 11019.39           |
  | 0     | 53       | Activation Communication | Layer 26                                                                                                                                                                                                              | 11019.39           | 29.11               | 11048.50           |
  | 0     | 54       | Compute                  | Layer 27                                                                                                                                                                                                              | 11048.50           | 0.46                | 11048.95           |
  | 0     | 55       | Activation Communication | Layer 27                                                                                                                                                                                                              | 11048.95           | 0                   | 11048.95           |
  | 0     | 56       | Compute                  | Layer 28                                                                                                                                                                                                              | 11048.95           | 0.46                | 11049.41           |
  | 0     | 57       | Activation Communication | Layer 28                                                                                                                                                                                                              | 11049.41           | 0                   | 11049.41           |
  | 0     | 58       | Compute                  | Layer 29                                                                                                                                                                                                              | 11049.41           | 1.83                | 11051.24           |
  | 0     | 59       | Activation Communication | Layer 29                                                                                                                                                                                                              | 11051.24           | 0                   | 11051.24           |
  | 0     | 60       | Compute                  | Layer 30                                                                                                                                                                                                              | 11051.24           | 0.46                | 11051.69           |
  | 0     | 61       | Activation Communication | Layer 30                                                                                                                                                                                                              | 11051.69           | 62.72               | 11114.41           |
  | 0     | 62       | Compute                  | Layer 31                                                                                                                                                                                                              | 11114.41           | 22.48               | 11136.89           |
  | 0     | 63       | Activation Communication | Layer 31                                                                                                                                                                                                              | 11136.89           | 12.94               | 11149.83           |
  | 0     | 64       | Compute                  | Layer 32                                                                                                                                                                                                              | 11149.83           | 115.61              | 11265.43           |
  | 0     | 65       | Activation Communication | Layer 32                                                                                                                                                                                                              | 11265.43           | 0                   | 11265.43           |
  | 0     | 66       | Compute                  | Layer 33                                                                                                                                                                                                              | 11265.43           | 51.38               | 11316.81           |
  | 0     | 67       | Activation Communication | Layer 33                                                                                                                                                                                                              | 11316.81           | 0                   | 11316.81           |
  | 0     | 68       | Compute                  | Layer 34                                                                                                                                                                                                              | 11316.81           | 51.38               | 11368.19           |
  | 0     | 69       | Activation Communication | Layer 34                                                                                                                                                                                                              | 11368.19           | 0                   | 11368.19           |
  | 0     | 70       | Compute                  | Layer 35                                                                                                                                                                                                              | 11368.19           | 115.61              | 11483.80           |
  | 0     | 71       | Activation Communication | Layer 35                                                                                                                                                                                                              | 11483.80           | 0                   | 11483.80           |
  | 0     | 72       | Compute                  | Layer 36                                                                                                                                                                                                              | 11483.80           | 51.38               | 11535.18           |
  | 0     | 73       | Activation Communication | Layer 36                                                                                                                                                                                                              | 11535.18           | 0                   | 11535.18           |
  | 0     | 74       | Compute                  | Layer 37                                                                                                                                                                                                              | 11535.18           | 51.38               | 11586.56           |
  | 0     | 75       | Activation Communication | Layer 37                                                                                                                                                                                                              | 11586.56           | 15.68               | 11602.24           |
  | 0     | 76       | Compute                  | Layer 38                                                                                                                                                                                                              | 11602.24           | 44.96               | 11647.20           |
  | 0     | 77       | Activation Communication | Layer 38                                                                                                                                                                                                              | 11647.20           | 6.09                | 11653.29           |
  | 0     | 78       | Compute                  | Layer 39                                                                                                                                                                                                              | 11653.29           | 0.46                | 11653.75           |
  | 0     | 79       | Activation Communication | Layer 39                                                                                                                                                                                                              | 11653.75           | 0                   | 11653.75           |
  | 0     | 80       | Compute                  | Layer 40                                                                                                                                                                                                              | 11653.75           | 0.46                | 11654.21           |
  | 0     | 81       | Activation Communication | Layer 40                                                                                                                                                                                                              | 11654.21           | 0                   | 11654.21           |
  | 0     | 82       | Compute                  | Layer 41                                                                                                                                                                                                              | 11654.21           | 1.83                | 11656.03           |
  | 0     | 83       | Activation Communication | Layer 41                                                                                                                                                                                                              | 11656.03           | 0                   | 11656.03           |
  | 0     | 84       | Compute                  | Layer 42                                                                                                                                                                                                              | 11656.03           | 0.46                | 11656.49           |
  | 0     | 85       | Activation Communication | Layer 42                                                                                                                                                                                                              | 11656.49           | 0                   | 11656.49           |
  | 0     | 86       | Compute                  | Layer 43                                                                                                                                                                                                              | 11656.49           | 0.91                | 11657.40           |
  | 0     | 87       | Activation Communication | Layer 43                                                                                                                                                                                                              | 11657.40           | 31.36               | 11688.76           |
  | 0     | 88       | Compute                  | Layer 44                                                                                                                                                                                                              | 11688.76           | 105.97              | 11794.74           |
  | 0     | 89       | Activation Communication | Layer 44                                                                                                                                                                                                              | 11794.74           | 7.64                | 11802.38           |
  | 0     | 90       | Compute                  | Layer 45                                                                                                                                                                                                              | 11802.38           | 14.45               | 11816.83           |
  | 0     | 91       | Activation Communication | Layer 45                                                                                                                                                                                                              | 11816.83           | 46.84               | 11863.67           |
  | 0     | 92       | Compute                  | Layer 46                                                                                                                                                                                                              | 11863.67           | 39.32               | 11902.99           |
  | 0     | 93       | Activation Communication | Layer 46                                                                                                                                                                                                              | 11902.99           | 8.56                | 11911.55           |
  | 0     | 94       | Compute                  | Layer 47                                                                                                                                                                                                              | 11911.55           | 0.46                | 11912.01           |
  | 0     | 95       | Activation Communication | Layer 47                                                                                                                                                                                                              | 11912.01           | 7.84                | 11919.85           |
  | 0     | 96       | Compute                  | Layer 48                                                                                                                                                                                                              | 11919.85           | 46.56               | 11966.41           |
  | 0     | 97       | Activation Communication | Layer 48                                                                                                                                                                                                              | 11966.41           | 6.57                | 11972.98           |
  | 0     | 98       | Compute                  | Layer 49                                                                                                                                                                                                              | 11972.98           | 51.38               | 12024.36           |
  | 0     | 99       | Activation Communication | Layer 49                                                                                                                                                                                                              | 12024.36           | 0                   | 12024.36           |
  | 0     | 100      | Compute                  | Layer 50                                                                                                                                                                                                              | 12024.36           | 51.38               | 12075.74           |
  | 0     | 101      | Activation Communication | Layer 50                                                                                                                                                                                                              | 12075.74           | 7.84                | 12083.58           |
  | 0     | 102      | Compute                  | Layer 51                                                                                                                                                                                                              | 12083.58           | 17.66               | 12101.25           |
  | 0     | 103      | Activation Communication | Layer 51                                                                                                                                                                                                              | 12101.25           | 7.48                | 12108.72           |
  | 0     | 104      | Compute                  | Layer 52                                                                                                                                                                                                              | 12108.72           | 28.90               | 12137.62           |
  | 0     | 105      | Activation Communication | Layer 52                                                                                                                                                                                                              | 12137.62           | 27.44               | 12165.06           |
  | 0     | 106      | Compute                  | Layer 53                                                                                                                                                                                                              | 12165.06           | 1.87                | 12166.93           |
  +-------+----------+--------------------------+-----------------------------------------------------------------------------------------------------------------------------------------------------------------------------------------------------------------------+--------------------+---------------------+--------------------+

Weight Loading Schedule:
--------------------------------------------------
  Weight Loading Schedule Table:

  +-------+-------+------------+---------------+-----------------+--------------------+
  | Input | Op ID | Start (μs) | Duration (μs) | Completion (μs) | Next Compute Layer |
  +-------+-------+------------+---------------+-----------------+--------------------+
  | 0     | 107   | 0.00       | 8845.18       | 8845.18         | Input 0, Layer 0   |
  +-------+-------+------------+---------------+-----------------+--------------------+

Weight Loading Traffic (bytes):
--------------------------------------------------
  Weight Loading Traffic Table:

  +-------+-------+----------------------------------------------------------------------------------------------------------------------------------------------------------------------------------+
  | Input | Op ID | Traffic                                                                                                                                                                          |
  +-------+-------+----------------------------------------------------------------------------------------------------------------------------------------------------------------------------------+
  | 0     | 107   | {1: {2: 153600, 3: 153164, 4: 7168, 13: 153599, 12: 153600, 11: 153600, 21: 153600, 22: 153600, 31: 2048, 23: 153600, 24: 59392, 33: 153600, 32: 153600, 42: 153600, 41: 11263}} |
  +-------+-------+----------------------------------------------------------------------------------------------------------------------------------------------------------------------------------+

Activation Communication Traffic (bytes):
--------------------------------------------------
  Activation Communication Traffic Table:

  +-------+----------------------------------------------------------------+
  | Layer | Traffic                                                        |
  +-------+----------------------------------------------------------------+
  | 0     | {2: {}}                                                        |
  | 1     | {2: {}}                                                        |
  | 2     | {2: {}}                                                        |
  | 3     | {2: {}}                                                        |
  | 4     | {2: {}}                                                        |
  | 5     | {2: {}}                                                        |
  | 6     | {2: {}}                                                        |
  | 7     | {2: {}}                                                        |
  | 8     | {2: {}}                                                        |
  | 9     | {2: {}}                                                        |
  | 10    | {2: {}}                                                        |
  | 11    | {2: {}}                                                        |
  | 12    | {2: {}}                                                        |
  | 13    | {2: {}}                                                        |
  | 14    | {2: {}}                                                        |
  | 15    | {2: {}}                                                        |
  | 16    | {2: {}}                                                        |
  | 17    | {2: {}}                                                        |
  | 18    | {2: {}}                                                        |
  | 19    | {2: {}}                                                        |
  | 20    | {2: {}}                                                        |
  | 21    | {2: {}}                                                        |
  | 22    | {2: {}}                                                        |
  | 23    | {2: {}}                                                        |
  | 24    | {2: {}}                                                        |
  | 25    | {2: {3: 3136}}                                                 |
  | 26    | {2: {3: 5821}, 3: {}}                                          |
  | 27    | {3: {}}                                                        |
  | 28    | {3: {}}                                                        |
  | 29    | {3: {}}                                                        |
  | 30    | {3: {4: 12544}}                                                |
  | 31    | {3: {13: 1764}, 4: {13: 1372}}                                 |
  | 32    | {13: {}}                                                       |
  | 33    | {13: {}}                                                       |
  | 34    | {13: {}}                                                       |
  | 35    | {13: {}}                                                       |
  | 36    | {13: {}}                                                       |
  | 37    | {13: {12: 3136}}                                               |
  | 38    | {12: {}, 13: {12: 1219}}                                       |
  | 39    | {12: {}}                                                       |
  | 40    | {12: {}}                                                       |
  | 41    | {12: {}}                                                       |
  | 42    | {12: {}}                                                       |
  | 43    | {12: {11: 6272}}                                               |
  | 44    | {11: {21: 1437}, 12: {11: 130, 21: 130}}                       |
  | 45    | {11: {21: 1764, 22: 1764, 31: 1764}, 21: {22: 4508, 31: 4508}} |
  | 46    | {21: {23: 832}, 22: {23: 1200}, 31: {23: 16}}                  |
  | 47    | {23: {24: 1568}}                                               |
  | 48    | {23: {33: 936}, 24: {33: 631}}                                 |
  | 49    | {33: {}}                                                       |
  | 50    | {33: {32: 1568}}                                               |
  | 51    | {32: {42: 1328}, 33: {32: 239, 42: 239}}                       |
  | 52    | {32: {41: 2744, 42: 2744}, 42: {41: 3528}}                     |
  | 53    | {}                                                             |
  +-------+----------------------------------------------------------------+

Communication Co-active Layers:
--------------------------------------------------
  No co-active layers detected for this model

Communication Co-active Traffic:
--------------------------------------------------
  Co-active Traffic Table:

  +----------+-----------+-------+-------+-------+-------+--------------------------+---------------+-------------------+
  | Sim Call | Time (μs) | Model | Input | Layer | Phase | Type                     | Next Layer    | Co-active Traffic |
  +----------+-----------+-------+-------+-------+-------+--------------------------+---------------+-------------------+
  | 1        | 0.00      | 1     | 0     | 0     | 107   | Weight Loading           | Next: Layer 0 | {}                |
  | 2        | 10981.00  | 1     | 0     | 25    | 51    | Activation Communication |               | {}                |
  | 3        | 11021.00  | 1     | 0     | 26    | 53    | Activation Communication |               | {}                |
  | 4        | 11061.00  | 1     | 0     | 30    | 61    | Activation Communication |               | {}                |
  | 5        | 11138.00  | 1     | 0     | 31    | 63    | Activation Communication |               | {}                |
  | 6        | 11588.00  | 1     | 0     | 37    | 75    | Activation Communication |               | {}                |
  | 7        | 11649.00  | 1     | 0     | 38    | 77    | Activation Communication |               | {}                |
  | 8        | 11669.00  | 1     | 0     | 43    | 87    | Activation Communication |               | {}                |
  | 9        | 11796.00  | 1     | 0     | 44    | 89    | Activation Communication |               | {}                |
  | 10       | 11818.00  | 1     | 0     | 45    | 91    | Activation Communication |               | {}                |
  | 11       | 11904.00  | 1     | 0     | 46    | 93    | Activation Communication |               | {}                |
  | 12       | 11915.00  | 1     | 0     | 47    | 95    | Activation Communication |               | {}                |
  | 13       | 11968.00  | 1     | 0     | 48    | 97    | Activation Communication |               | {}                |
  | 14       | 12077.00  | 1     | 0     | 50    | 101   | Activation Communication |               | {}                |
  | 15       | 12103.00  | 1     | 0     | 51    | 103   | Activation Communication |               | {}                |
  | 16       | 12139.00  | 1     | 0     | 52    | 105   | Activation Communication |               | {}                |
  +----------+-----------+-------+-------+-------+-------+--------------------------+---------------+-------------------+

Layer Energy per input:
--------------------------------------------------
  Energy Table:

  +-------+-------+---------------------+
  | Input | Layer | Compute Energy (fJ) |
  +-------+-------+---------------------+
  | 0     | 0     | 5900697600.00       |
  | 0     | 1     | 642252800.00        |
  | 0     | 2     | 5780275200.00       |
  | 0     | 3     | 2569011200.00       |
  | 0     | 4     | 10276044800.00      |
  | 0     | 5     | 2569011200.00       |
  | 0     | 6     | 5780275200.00       |
  | 0     | 7     | 2569011200.00       |
  | 0     | 8     | 2569011200.00       |
  | 0     | 9     | 5780275200.00       |
  | 0     | 10    | 2569011200.00       |
  | 0     | 11    | 5138022400.00       |
  | 0     | 12    | 5780275200.00       |
  | 0     | 13    | 2569011200.00       |
  | 0     | 14    | 2569011200.00       |
  | 0     | 15    | 2569011200.00       |
  | 0     | 16    | 5780275200.00       |
  | 0     | 17    | 2569011200.00       |
  | 0     | 18    | 2569011200.00       |
  | 0     | 19    | 5780275200.00       |
  | 0     | 20    | 2569011200.00       |
  | 0     | 21    | 2569011200.00       |
  | 0     | 22    | 5780275200.00       |
  | 0     | 23    | 2569011200.00       |
  | 0     | 24    | 5138022400.00       |
  | 0     | 25    | 5780275200.00       |
  | 0     | 26    | 37907114780.32      |
  | 0     | 27    | 91033747931.00      |
  | 0     | 28    | 51348674405.05      |
  | 0     | 29    | 85475825623.97      |
  | 0     | 30    | 63433539849.92      |
  | 0     | 31    | 38309741254.31      |
  | 0     | 32    | 5780275200.00       |
  | 0     | 33    | 2569011200.00       |
  | 0     | 34    | 2569011200.00       |
  | 0     | 35    | 5780275200.00       |
  | 0     | 36    | 2569011200.00       |
  | 0     | 37    | 2569011200.00       |
  | 0     | 38    | 59948085562.00      |
  | 0     | 39    | 63365089882.38      |
  | 0     | 40    | 51432171790.51      |
  | 0     | 41    | 85197632539.15      |
  | 0     | 42    | 63438275051.36      |
  | 0     | 43    | 82452952599.91      |
  | 0     | 44    | 31771602786.98      |
  | 0     | 45    | 73527584264.03      |
  | 0     | 46    | 136576176951.92     |
  | 0     | 47    | 91028486596.07      |
  | 0     | 48    | 151672095136.81     |
  | 0     | 49    | 2569011200.00       |
  | 0     | 50    | 2569011200.00       |
  | 0     | 51    | 207434384095.58     |
  | 0     | 52    | 45190101084.41      |
  | 0     | 53    | 13034194233.98      |
  +-------+-------+---------------------+

Model Mapping:
--------------------------------------------------
  --- Total chiplets used ---
    Value: 15.00
  ---------------------------

  Mapping Table:

  +-------+---------+--------------------+
  | Layer | Chiplet | Percent            |
  +-------+---------+--------------------+
  | 0     | 2       | 100                |
  | 1     | 2       | 100                |
  | 2     | 2       | 100                |
  | 3     | 2       | 100                |
  | 4     | 2       | 100                |
  | 5     | 2       | 100                |
  | 6     | 2       | 100                |
  | 7     | 2       | 100                |
  | 8     | 2       | 100                |
  | 9     | 2       | 100                |
  | 10    | 2       | 100                |
  | 11    | 2       | 100                |
  | 12    | 2       | 100                |
  | 13    | 2       | 100                |
  | 14    | 2       | 100                |
  | 15    | 2       | 100                |
  | 16    | 2       | 100                |
  | 17    | 2       | 100                |
  | 18    | 2       | 100                |
  | 19    | 2       | 100                |
  | 20    | 2       | 100                |
  | 21    | 2       | 100                |
  | 22    | 2       | 100                |
  | 23    | 2       | 100                |
  | 24    | 2       | 100                |
  | 25    | 2       | 100                |
  | 26    | 2       | 46.41              |
  | 26    | 3       | 53.59              |
  | 27    | 3       | 100                |
  | 28    | 3       | 100                |
  | 29    | 3       | 100                |
  | 30    | 3       | 100                |
  | 31    | 3       | 56.25              |
  | 31    | 4       | 43.75              |
  | 32    | 13      | 100                |
  | 33    | 13      | 100                |
  | 34    | 13      | 100                |
  | 35    | 13      | 100                |
  | 36    | 13      | 100                |
  | 37    | 13      | 100                |
  | 38    | 12      | 61.11              |
  | 38    | 13      | 38.89              |
  | 39    | 12      | 100                |
  | 40    | 12      | 100                |
  | 41    | 12      | 100                |
  | 42    | 12      | 100                |
  | 43    | 12      | 100                |
  | 44    | 11      | 91.67              |
  | 44    | 12      | 8.33               |
  | 45    | 11      | 28.12              |
  | 45    | 21      | 71.88              |
  | 46    | 21      | 40.62              |
  | 46    | 22      | 58.59              |
  | 46    | 31      | 0.78               |
  | 47    | 23      | 100                |
  | 48    | 23      | 59.72              |
  | 48    | 24      | 40.28              |
  | 49    | 33      | 100                |
  | 50    | 33      | 100                |
  | 51    | 32      | 84.72              |
  | 51    | 33      | 15.28              |
  | 52    | 32      | 43.75              |
  | 52    | 42      | 56.25              |
  | 53    | 41      | 8.80               |
  | 53    | 42      | 91.20              |
  +-------+---------+--------------------+
