================================================================================
Model 1: resnet50
================================================================================


Model Overall Times:
--------------------------------------------------
  Overall Times:
    Start: 0.00 μs
    End: 5518.65 μs
    Duration: 5518.65 μs

Input Start/End Times:
--------------------------------------------------
  Input Times Table:

  +-------+------------+-------------------+
  | Input | Start (μs) | End (μs)          |
  +-------+------------+-------------------+
  | 0     | 0.00       | 5518.65           |
  +-------+------------+-------------------+

Summed Time Per Input:
--------------------------------------------------
  Summed Time Table:

  +-------+-------------------+-------------------------------+---------------------+-------------------+
  | Input | Compute (μs)      | Activation Communication (μs) | Weight Loading (μs) | Total (μs)        |
  +-------+-------------------+-------------------------------+---------------------+-------------------+
  | 0     | 50.47             | 404.50                        | 5063.68             | 5518.65           |
  +-------+-------------------+-------------------------------+---------------------+-------------------+

Layer Latency per input:
--------------------------------------------------
  Latency Table:

  +-------+-------+----------------------+------------------------------+
  | Input | Layer | Compute Latency (μs) | Activation Comm Latency (μs) |
  +-------+-------+----------------------+------------------------------+
  | 0     | 0     | 2.09                 | -1                           |
  | 0     | 1     | 0.26                 | -1                           |
  | 0     | 2     | 1.83                 | -1                           |
  | 0     | 3     | 0.52                 | -1                           |
  | 0     | 4     | 1.83                 | -1                           |
  | 0     | 5     | 0.52                 | -1                           |
  | 0     | 6     | 1.83                 | -1                           |
  | 0     | 7     | 0.52                 | -1                           |
  | 0     | 8     | 0.52                 | -1                           |
  | 0     | 9     | 1.83                 | -1                           |
  | 0     | 10    | 0.52                 | -1                           |
  | 0     | 11    | 1.04                 | -1                           |
  | 0     | 12    | 1.83                 | -1                           |
  | 0     | 13    | 0.52                 | -1                           |
  | 0     | 14    | 0.46                 | -1                           |
  | 0     | 15    | 0.52                 | -1                           |
  | 0     | 16    | 1.83                 | -1                           |
  | 0     | 17    | 0.52                 | -1                           |
  | 0     | 18    | 0.52                 | -1                           |
  | 0     | 19    | 1.83                 | -1                           |
  | 0     | 20    | 0.52                 | -1                           |
  | 0     | 21    | 0.52                 | -1                           |
  | 0     | 22    | 1.83                 | -1                           |
  | 0     | 23    | 0.52                 | -1                           |
  | 0     | 24    | 0.91                 | 62.72                        |
  | 0     | 25    | 1.83                 | 4.79                         |
  | 0     | 26    | 0.46                 | -1                           |
  | 0     | 27    | 0.46                 | -1                           |
  | 0     | 28    | 0.46                 | 15.68                        |
  | 0     | 29    | 1.83                 | 14.46                        |
  | 0     | 30    | 0.46                 | -1                           |
  | 0     | 31    | 0.46                 | -1                           |
  | 0     | 32    | 1.83                 | -1                           |
  | 0     | 33    | 0.46                 | -1                           |
  | 0     | 34    | 0.46                 | -1                           |
  | 0     | 35    | 1.83                 | 15.68                        |
  | 0     | 36    | 0.46                 | 59.58                        |
  | 0     | 37    | 0.46                 | -1                           |
  | 0     | 38    | 1.83                 | -1                           |
  | 0     | 39    | 0.46                 | -1                           |
  | 0     | 40    | 0.46                 | -1                           |
  | 0     | 41    | 1.83                 | -1                           |
  | 0     | 42    | 0.46                 | 62.72                        |
  | 0     | 43    | 0.91                 | 29.79                        |
  | 0     | 44    | 1.83                 | 7.57                         |
  | 0     | 45    | 0.46                 | 62.72                        |
  | 0     | 46    | 0.37                 | 8.54                         |
  | 0     | 47    | 0.46                 | 7.84                         |
  | 0     | 48    | 1.14                 | 6.57                         |
  | 0     | 49    | 0.46                 | -1                           |
  | 0     | 50    | 0.46                 | 7.84                         |
  | 0     | 51    | 1.83                 | 7.80                         |
  | 0     | 52    | 0.46                 | 30.18                        |
  | 0     | 53    | 0.01                 | -1                           |
  +-------+-------+----------------------+------------------------------+

Phase Execution Schedule:
--------------------------------------------------
  Phase Schedule Table:

  +-------+----------+--------------------------+-----------------------------------------------------------------------------------------------------------------------------------------------------------------------------------------------------------------------+--------------------+----------------------+--------------------+
  | Input | Phase ID | Type                     | Description                                                                                                                                                                                                           | Start (μs)         | Duration (μs)        | Completion (μs)    |
  +-------+----------+--------------------------+-----------------------------------------------------------------------------------------------------------------------------------------------------------------------------------------------------------------------+--------------------+----------------------+--------------------+
  | 0     | 107      | Weight Loading           | Layers [0, 1, 2, 3, 4, 5, 6, 7, 8, 9, 10, 11, 12, 13, 14, 15, 16, 17, 18, 19, 20, 21, 22, 23, 24, 25, 26, 27, 28, 29, 30, 31, 32, 33, 34, 35, 36, 37, 38, 39, 40, 41, 42, 43, 44, 45, 46, 47, 48, 49, 50, 51, 52, 53] | 0.00               | 5063.68              | 5063.68            |
  | 0     | 0        | Compute                  | Layer 0                                                                                                                                                                                                               | 5063.68            | 2.09                 | 5065.77            |
  | 0     | 1        | Activation Communication | Layer 0                                                                                                                                                                                                               | 5065.77            | 0                    | 5065.77            |
  | 0     | 2        | Compute                  | Layer 1                                                                                                                                                                                                               | 5065.77            | 0.26                 | 5066.03            |
  | 0     | 3        | Activation Communication | Layer 1                                                                                                                                                                                                               | 5066.03            | 0                    | 5066.03            |
  | 0     | 4        | Compute                  | Layer 2                                                                                                                                                                                                               | 5066.03            | 1.83                 | 5067.86            |
  | 0     | 5        | Activation Communication | Layer 2                                                                                                                                                                                                               | 5067.86            | 0                    | 5067.86            |
  | 0     | 6        | Compute                  | Layer 3                                                                                                                                                                                                               | 5067.86            | 0.52                 | 5068.38            |
  | 0     | 7        | Activation Communication | Layer 3                                                                                                                                                                                                               | 5068.38            | 0                    | 5068.38            |
  | 0     | 8        | Compute                  | Layer 4                                                                                                                                                                                                               | 5068.38            | 1.83                 | 5070.21            |
  | 0     | 9        | Activation Communication | Layer 4                                                                                                                                                                                                               | 5070.21            | 0                    | 5070.21            |
  | 0     | 10       | Compute                  | Layer 5                                                                                                                                                                                                               | 5070.21            | 0.52                 | 5070.73            |
  | 0     | 11       | Activation Communication | Layer 5                                                                                                                                                                                                               | 5070.73            | 0                    | 5070.73            |
  | 0     | 12       | Compute                  | Layer 6                                                                                                                                                                                                               | 5070.73            | 1.83                 | 5072.56            |
  | 0     | 13       | Activation Communication | Layer 6                                                                                                                                                                                                               | 5072.56            | 0                    | 5072.56            |
  | 0     | 14       | Compute                  | Layer 7                                                                                                                                                                                                               | 5072.56            | 0.52                 | 5073.08            |
  | 0     | 15       | Activation Communication | Layer 7                                                                                                                                                                                                               | 5073.08            | 0                    | 5073.08            |
  | 0     | 16       | Compute                  | Layer 8                                                                                                                                                                                                               | 5073.08            | 0.52                 | 5073.60            |
  | 0     | 17       | Activation Communication | Layer 8                                                                                                                                                                                                               | 5073.60            | 0                    | 5073.60            |
  | 0     | 18       | Compute                  | Layer 9                                                                                                                                                                                                               | 5073.60            | 1.83                 | 5075.43            |
  | 0     | 19       | Activation Communication | Layer 9                                                                                                                                                                                                               | 5075.43            | 0                    | 5075.43            |
  | 0     | 20       | Compute                  | Layer 10                                                                                                                                                                                                              | 5075.43            | 0.52                 | 5075.95            |
  | 0     | 21       | Activation Communication | Layer 10                                                                                                                                                                                                              | 5075.95            | 0                    | 5075.95            |
  | 0     | 22       | Compute                  | Layer 11                                                                                                                                                                                                              | 5075.95            | 1.04                 | 5077.00            |
  | 0     | 23       | Activation Communication | Layer 11                                                                                                                                                                                                              | 5077.00            | 0                    | 5077.00            |
  | 0     | 24       | Compute                  | Layer 12                                                                                                                                                                                                              | 5077.00            | 1.83                 | 5078.82            |
  | 0     | 25       | Activation Communication | Layer 12                                                                                                                                                                                                              | 5078.82            | 0                    | 5078.82            |
  | 0     | 26       | Compute                  | Layer 13                                                                                                                                                                                                              | 5078.82            | 0.52                 | 5079.34            |
  | 0     | 27       | Activation Communication | Layer 13                                                                                                                                                                                                              | 5079.34            | 0                    | 5079.34            |
  | 0     | 28       | Compute                  | Layer 14                                                                                                                                                                                                              | 5079.34            | 0.46                 | 5079.80            |
  | 0     | 29       | Activation Communication | Layer 14                                                                                                                                                                                                              | 5079.80            | 0                    | 5079.80            |
  | 0     | 30       | Compute                  | Layer 15                                                                                                                                                                                                              | 5079.80            | 0.52                 | 5080.32            |
  | 0     | 31       | Activation Communication | Layer 15                                                                                                                                                                                                              | 5080.32            | 0                    | 5080.32            |
  | 0     | 32       | Compute                  | Layer 16                                                                                                                                                                                                              | 5080.32            | 1.83                 | 5082.15            |
  | 0     | 33       | Activation Communication | Layer 16                                                                                                                                                                                                              | 5082.15            | 0                    | 5082.15            |
  | 0     | 34       | Compute                  | Layer 17                                                                                                                                                                                                              | 5082.15            | 0.52                 | 5082.67            |
  | 0     | 35       | Activation Communication | Layer 17                                                                                                                                                                                                              | 5082.67            | 0                    | 5082.67            |
  | 0     | 36       | Compute                  | Layer 18                                                                                                                                                                                                              | 5082.67            | 0.52                 | 5083.19            |
  | 0     | 37       | Activation Communication | Layer 18                                                                                                                                                                                                              | 5083.19            | 0                    | 5083.19            |
  | 0     | 38       | Compute                  | Layer 19                                                                                                                                                                                                              | 5083.19            | 1.83                 | 5085.02            |
  | 0     | 39       | Activation Communication | Layer 19                                                                                                                                                                                                              | 5085.02            | 0                    | 5085.02            |
  | 0     | 40       | Compute                  | Layer 20                                                                                                                                                                                                              | 5085.02            | 0.52                 | 5085.54            |
  | 0     | 41       | Activation Communication | Layer 20                                                                                                                                                                                                              | 5085.54            | 0                    | 5085.54            |
  | 0     | 42       | Compute                  | Layer 21                                                                                                                                                                                                              | 5085.54            | 0.52                 | 5086.06            |
  | 0     | 43       | Activation Communication | Layer 21                                                                                                                                                                                                              | 5086.06            | 0                    | 5086.06            |
  | 0     | 44       | Compute                  | Layer 22                                                                                                                                                                                                              | 5086.06            | 1.83                 | 5087.89            |
  | 0     | 45       | Activation Communication | Layer 22                                                                                                                                                                                                              | 5087.89            | 0                    | 5087.89            |
  | 0     | 46       | Compute                  | Layer 23                                                                                                                                                                                                              | 5087.89            | 0.52                 | 5088.41            |
  | 0     | 47       | Activation Communication | Layer 23                                                                                                                                                                                                              | 5088.41            | 0                    | 5088.41            |
  | 0     | 48       | Compute                  | Layer 24                                                                                                                                                                                                              | 5088.41            | 0.91                 | 5089.33            |
  | 0     | 49       | Activation Communication | Layer 24                                                                                                                                                                                                              | 5089.33            | 62.72                | 5152.05            |
  | 0     | 50       | Compute                  | Layer 25                                                                                                                                                                                                              | 5152.05            | 1.83                 | 5153.87            |
  | 0     | 51       | Activation Communication | Layer 25                                                                                                                                                                                                              | 5153.87            | 4.79                 | 5158.66            |
  | 0     | 52       | Compute                  | Layer 26                                                                                                                                                                                                              | 5158.66            | 0.46                 | 5159.12            |
  | 0     | 53       | Activation Communication | Layer 26                                                                                                                                                                                                              | 5159.12            | 0                    | 5159.12            |
  | 0     | 54       | Compute                  | Layer 27                                                                                                                                                                                                              | 5159.12            | 0.46                 | 5159.58            |
  | 0     | 55       | Activation Communication | Layer 27                                                                                                                                                                                                              | 5159.58            | 0                    | 5159.58            |
  | 0     | 56       | Compute                  | Layer 28                                                                                                                                                                                                              | 5159.58            | 0.46                 | 5160.03            |
  | 0     | 57       | Activation Communication | Layer 28                                                                                                                                                                                                              | 5160.03            | 15.68                | 5175.71            |
  | 0     | 58       | Compute                  | Layer 29                                                                                                                                                                                                              | 5175.71            | 1.83                 | 5177.54            |
  | 0     | 59       | Activation Communication | Layer 29                                                                                                                                                                                                              | 5177.54            | 14.46                | 5192.00            |
  | 0     | 60       | Compute                  | Layer 30                                                                                                                                                                                                              | 5192.00            | 0.46                 | 5192.46            |
  | 0     | 61       | Activation Communication | Layer 30                                                                                                                                                                                                              | 5192.46            | 0                    | 5192.46            |
  | 0     | 62       | Compute                  | Layer 31                                                                                                                                                                                                              | 5192.46            | 0.46                 | 5192.91            |
  | 0     | 63       | Activation Communication | Layer 31                                                                                                                                                                                                              | 5192.91            | 0                    | 5192.91            |
  | 0     | 64       | Compute                  | Layer 32                                                                                                                                                                                                              | 5192.91            | 1.83                 | 5194.74            |
  | 0     | 65       | Activation Communication | Layer 32                                                                                                                                                                                                              | 5194.74            | 0                    | 5194.74            |
  | 0     | 66       | Compute                  | Layer 33                                                                                                                                                                                                              | 5194.74            | 0.46                 | 5195.20            |
  | 0     | 67       | Activation Communication | Layer 33                                                                                                                                                                                                              | 5195.20            | 0                    | 5195.20            |
  | 0     | 68       | Compute                  | Layer 34                                                                                                                                                                                                              | 5195.20            | 0.46                 | 5195.65            |
  | 0     | 69       | Activation Communication | Layer 34                                                                                                                                                                                                              | 5195.65            | 0                    | 5195.65            |
  | 0     | 70       | Compute                  | Layer 35                                                                                                                                                                                                              | 5195.65            | 1.83                 | 5197.48            |
  | 0     | 71       | Activation Communication | Layer 35                                                                                                                                                                                                              | 5197.48            | 15.68                | 5213.16            |
  | 0     | 72       | Compute                  | Layer 36                                                                                                                                                                                                              | 5213.16            | 0.46                 | 5213.62            |
  | 0     | 73       | Activation Communication | Layer 36                                                                                                                                                                                                              | 5213.62            | 59.58                | 5273.20            |
  | 0     | 74       | Compute                  | Layer 37                                                                                                                                                                                                              | 5273.20            | 0.46                 | 5273.66            |
  | 0     | 75       | Activation Communication | Layer 37                                                                                                                                                                                                              | 5273.66            | 0                    | 5273.66            |
  | 0     | 76       | Compute                  | Layer 38                                                                                                                                                                                                              | 5273.66            | 1.83                 | 5275.48            |
  | 0     | 77       | Activation Communication | Layer 38                                                                                                                                                                                                              | 5275.48            | 0                    | 5275.48            |
  | 0     | 78       | Compute                  | Layer 39                                                                                                                                                                                                              | 5275.48            | 0.46                 | 5275.94            |
  | 0     | 79       | Activation Communication | Layer 39                                                                                                                                                                                                              | 5275.94            | 0                    | 5275.94            |
  | 0     | 80       | Compute                  | Layer 40                                                                                                                                                                                                              | 5275.94            | 0.46                 | 5276.40            |
  | 0     | 81       | Activation Communication | Layer 40                                                                                                                                                                                                              | 5276.40            | 0                    | 5276.40            |
  | 0     | 82       | Compute                  | Layer 41                                                                                                                                                                                                              | 5276.40            | 1.83                 | 5278.22            |
  | 0     | 83       | Activation Communication | Layer 41                                                                                                                                                                                                              | 5278.22            | 0                    | 5278.22            |
  | 0     | 84       | Compute                  | Layer 42                                                                                                                                                                                                              | 5278.22            | 0.46                 | 5278.68            |
  | 0     | 85       | Activation Communication | Layer 42                                                                                                                                                                                                              | 5278.68            | 62.72                | 5341.40            |
  | 0     | 86       | Compute                  | Layer 43                                                                                                                                                                                                              | 5341.40            | 0.91                 | 5342.32            |
  | 0     | 87       | Activation Communication | Layer 43                                                                                                                                                                                                              | 5342.32            | 29.79                | 5372.11            |
  | 0     | 88       | Compute                  | Layer 44                                                                                                                                                                                                              | 5372.11            | 1.83                 | 5373.93            |
  | 0     | 89       | Activation Communication | Layer 44                                                                                                                                                                                                              | 5373.93            | 7.57                 | 5381.51            |
  | 0     | 90       | Compute                  | Layer 45                                                                                                                                                                                                              | 5381.51            | 0.46                 | 5381.96            |
  | 0     | 91       | Activation Communication | Layer 45                                                                                                                                                                                                              | 5381.96            | 62.72                | 5444.68            |
  | 0     | 92       | Compute                  | Layer 46                                                                                                                                                                                                              | 5444.68            | 0.37                 | 5445.06            |
  | 0     | 93       | Activation Communication | Layer 46                                                                                                                                                                                                              | 5445.06            | 8.54                 | 5453.60            |
  | 0     | 94       | Compute                  | Layer 47                                                                                                                                                                                                              | 5453.60            | 0.46                 | 5454.06            |
  | 0     | 95       | Activation Communication | Layer 47                                                                                                                                                                                                              | 5454.06            | 7.84                 | 5461.90            |
  | 0     | 96       | Compute                  | Layer 48                                                                                                                                                                                                              | 5461.90            | 1.14                 | 5463.04            |
  | 0     | 97       | Activation Communication | Layer 48                                                                                                                                                                                                              | 5463.04            | 6.57                 | 5469.61            |
  | 0     | 98       | Compute                  | Layer 49                                                                                                                                                                                                              | 5469.61            | 0.46                 | 5470.07            |
  | 0     | 99       | Activation Communication | Layer 49                                                                                                                                                                                                              | 5470.07            | 0                    | 5470.07            |
  | 0     | 100      | Compute                  | Layer 50                                                                                                                                                                                                              | 5470.07            | 0.46                 | 5470.52            |
  | 0     | 101      | Activation Communication | Layer 50                                                                                                                                                                                                              | 5470.52            | 7.84                 | 5478.36            |
  | 0     | 102      | Compute                  | Layer 51                                                                                                                                                                                                              | 5478.36            | 1.83                 | 5480.19            |
  | 0     | 103      | Activation Communication | Layer 51                                                                                                                                                                                                              | 5480.19            | 7.80                 | 5487.99            |
  | 0     | 104      | Compute                  | Layer 52                                                                                                                                                                                                              | 5487.99            | 0.46                 | 5488.45            |
  | 0     | 105      | Activation Communication | Layer 52                                                                                                                                                                                                              | 5488.45            | 30.18                | 5518.64            |
  | 0     | 106      | Compute                  | Layer 53                                                                                                                                                                                                              | 5518.64            | 0.01                 | 5518.65            |
  +-------+----------+--------------------------+-----------------------------------------------------------------------------------------------------------------------------------------------------------------------------------------------------------------------+--------------------+----------------------+--------------------+

Weight Loading Schedule:
--------------------------------------------------
  Weight Loading Schedule Table:

  +-------+-------+------------+-------------------+-------------------+--------------------+
  | Input | Op ID | Start (μs) | Duration (μs)     | Completion (μs)   | Next Compute Layer |
  +-------+-------+------------+-------------------+-------------------+--------------------+
  | 0     | 107   | 0.00       | 5063.68           | 5063.68           | Input 0, Layer 0   |
  +-------+-------+------------+-------------------+-------------------+--------------------+

Weight Loading Traffic (bytes):
--------------------------------------------------
  Weight Loading Traffic Table:

  +-------+-------+----------------------------------------------------------------------------------------------------------------------------------------------------------------------------------------------+
  | Input | Op ID | Traffic                                                                                                                                                                                      |
  +-------+-------+----------------------------------------------------------------------------------------------------------------------------------------------------------------------------------------------+
  | 0     | 107   | {1: {2: 120396, 3: 153600, 4: 7167, 13: 153600, 12: 2048, 14: 153600, 15: 153600, 5: 12287}, 10: {16: 153600, 6: 153600, 17: 153600, 7: 153600, 8: 59392, 18: 153600, 19: 151344, 9: 34000}} |
  +-------+-------+----------------------------------------------------------------------------------------------------------------------------------------------------------------------------------------------+

Activation Communication Traffic (bytes):
--------------------------------------------------
  Activation Communication Traffic Table:

  +-------+--------------------------------------------+
  | Layer | Traffic                                    |
  +-------+--------------------------------------------+
  | 0     | {2: {}}                                    |
  | 1     | {2: {}}                                    |
  | 2     | {2: {}}                                    |
  | 3     | {2: {}}                                    |
  | 4     | {2: {}}                                    |
  | 5     | {2: {}}                                    |
  | 6     | {2: {}}                                    |
  | 7     | {2: {}}                                    |
  | 8     | {2: {}}                                    |
  | 9     | {2: {}}                                    |
  | 10    | {2: {}}                                    |
  | 11    | {2: {}}                                    |
  | 12    | {2: {}}                                    |
  | 13    | {2: {}}                                    |
  | 14    | {2: {}}                                    |
  | 15    | {2: {}}                                    |
  | 16    | {2: {}}                                    |
  | 17    | {2: {}}                                    |
  | 18    | {2: {}}                                    |
  | 19    | {2: {}}                                    |
  | 20    | {2: {}}                                    |
  | 21    | {2: {}}                                    |
  | 22    | {2: {}}                                    |
  | 23    | {2: {}}                                    |
  | 24    | {2: {3: 12544}}                            |
  | 25    | {2: {3: 958}, 3: {}}                       |
  | 26    | {3: {}}                                    |
  | 27    | {3: {}}                                    |
  | 28    | {3: {4: 3136}}                             |
  | 29    | {3: {13: 2526}, 4: {13: 609}}              |
  | 30    | {13: {}}                                   |
  | 31    | {13: {}}                                   |
  | 32    | {13: {}}                                   |
  | 33    | {13: {}}                                   |
  | 34    | {13: {}}                                   |
  | 35    | {13: {12: 3136}}                           |
  | 36    | {12: {14: 1568}, 13: {14: 10976}}          |
  | 37    | {14: {}}                                   |
  | 38    | {14: {}}                                   |
  | 39    | {14: {}}                                   |
  | 40    | {14: {}}                                   |
  | 41    | {14: {}}                                   |
  | 42    | {14: {15: 12544}}                          |
  | 43    | {14: {5: 2744, 15: 2744}, 15: {5: 3528}}   |
  | 44    | {5: {16: 130}, 15: {16: 1437}}             |
  | 45    | {16: {6: 6272, 17: 6272}}                  |
  | 46    | {6: {7: 1200}, 16: {7: 688}, 17: {7: 160}} |
  | 47    | {7: {8: 1568}}                             |
  | 48    | {7: {17: 936}, 8: {17: 631}}               |
  | 49    | {17: {}}                                   |
  | 50    | {17: {18: 1568}}                           |
  | 51    | {17: {18: 21, 19: 21}, 18: {19: 1546}}     |
  | 52    | {18: {9: 784, 19: 784}, 19: {9: 5488}}     |
  | 53    | {}                                         |
  +-------+--------------------------------------------+

Communication Co-active Layers:
--------------------------------------------------
  No co-active layers detected for this model

Communication Co-active Traffic:
--------------------------------------------------
  Co-active Traffic Table:

  +----------+-----------+-------+-------+-------+-------+--------------------------+---------------+-------------------+
  | Sim Call | Time (μs) | Model | Input | Layer | Phase | Type                     | Next Layer    | Co-active Traffic |
  +----------+-----------+-------+-------+-------+-------+--------------------------+---------------+-------------------+
  | 1        | 0.00      | 1     | 0     | 0     | 107   | Weight Loading           | Next: Layer 0 | {}                |
  | 2        | 5139.00   | 1     | 0     | 24    | 49    | Activation Communication |               | {}                |
  | 3        | 5156.00   | 1     | 0     | 25    | 51    | Activation Communication |               | {}                |
  | 4        | 5168.00   | 1     | 0     | 28    | 57    | Activation Communication |               | {}                |
  | 5        | 5179.00   | 1     | 0     | 29    | 59    | Activation Communication |               | {}                |
  | 6        | 5210.00   | 1     | 0     | 35    | 71    | Activation Communication |               | {}                |
  | 7        | 5217.00   | 1     | 0     | 36    | 73    | Activation Communication |               | {}                |
  | 8        | 5292.00   | 1     | 0     | 42    | 85    | Activation Communication |               | {}                |
  | 9        | 5345.00   | 1     | 0     | 43    | 87    | Activation Communication |               | {}                |
  | 10       | 5376.00   | 1     | 0     | 44    | 89    | Activation Communication |               | {}                |
  | 11       | 5385.00   | 1     | 0     | 45    | 91    | Activation Communication |               | {}                |
  | 12       | 5448.00   | 1     | 0     | 46    | 93    | Activation Communication |               | {}                |
  | 13       | 5457.00   | 1     | 0     | 47    | 95    | Activation Communication |               | {}                |
  | 14       | 5465.00   | 1     | 0     | 48    | 97    | Activation Communication |               | {}                |
  | 15       | 5476.00   | 1     | 0     | 50    | 101   | Activation Communication |               | {}                |
  | 16       | 5482.00   | 1     | 0     | 51    | 103   | Activation Communication |               | {}                |
  | 17       | 5491.00   | 1     | 0     | 52    | 105   | Activation Communication |               | {}                |
  +----------+-----------+-------+-------+-------+-------+--------------------------+---------------+-------------------+

Layer Energy per input:
--------------------------------------------------
  Energy Table:

  +-------+-------+---------------------+
  | Input | Layer | Compute Energy (fJ) |
  +-------+-------+---------------------+
  | 0     | 0     | 166558267965.70     |
  | 0     | 1     | 55807380859.91      |
  | 0     | 2     | 91509863228.85      |
  | 0     | 3     | 162381356226.05     |
  | 0     | 4     | 235027872367.82     |
  | 0     | 5     | 115768559346.38     |
  | 0     | 6     | 91200891334.64      |
  | 0     | 7     | 162018061048.61     |
  | 0     | 8     | 115635184505.72     |
  | 0     | 9     | 90830953721.84      |
  | 0     | 10    | 162005696911.51     |
  | 0     | 11    | 155831991251.71     |
  | 0     | 12    | 63803844440.83      |
  | 0     | 13    | 89089645211.55      |
  | 0     | 14    | 50985484454.30      |
  | 0     | 15    | 65757203163.77      |
  | 0     | 16    | 64170585792.66      |
  | 0     | 17    | 89044660797.83      |
  | 0     | 18    | 65741945292.46      |
  | 0     | 19    | 63978691754.14      |
  | 0     | 20    | 88911285957.17      |
  | 0     | 21    | 65762990632.21      |
  | 0     | 22    | 64041255603.22      |
  | 0     | 23    | 88943564247.01      |
  | 0     | 24    | 91987543773.83      |
  | 0     | 25    | 97752645807.95      |
  | 0     | 26    | 63748167679.19      |
  | 0     | 27    | 91033747931.00      |
  | 0     | 28    | 51348674405.05      |
  | 0     | 29    | 102590265127.29     |
  | 0     | 30    | 63433539849.92      |
  | 0     | 31    | 51399288447.15      |
  | 0     | 32    | 85315420675.06      |
  | 0     | 33    | 63413809843.90      |
  | 0     | 34    | 51477682337.72      |
  | 0     | 35    | 85366324090.58      |
  | 0     | 36    | 69823004634.67      |
  | 0     | 37    | 51408101183.17      |
  | 0     | 38    | 85292928468.20      |
  | 0     | 39    | 63365089882.38      |
  | 0     | 40    | 51432171790.51      |
  | 0     | 41    | 85197632539.15      |
  | 0     | 42    | 63438275051.36      |
  | 0     | 43    | 104273075217.89     |
  | 0     | 44    | 260827816291.47     |
  | 0     | 45    | 97299208641.45      |
  | 0     | 46    | 333293172115.37     |
  | 0     | 47    | 91028486596.07      |
  | 0     | 48    | 255843680359.81     |
  | 0     | 49    | 97047716831.43      |
  | 0     | 50    | 90982002701.89      |
  | 0     | 51    | 246543492126.08     |
  | 0     | 52    | 102161760697.45     |
  | 0     | 53    | 154290449544.12     |
  +-------+-------+---------------------+

Model Mapping:
--------------------------------------------------
  --- Total chiplets used ---
    Value: 16.00
  ---------------------------

  Mapping Table:

  +-------+---------+--------------------+
  | Layer | Chiplet | Percent            |
  +-------+---------+--------------------+
  | 0     | 2       | 100                |
  | 1     | 2       | 100                |
  | 2     | 2       | 100                |
  | 3     | 2       | 100                |
  | 4     | 2       | 100                |
  | 5     | 2       | 100                |
  | 6     | 2       | 100                |
  | 7     | 2       | 100                |
  | 8     | 2       | 100                |
  | 9     | 2       | 100                |
  | 10    | 2       | 100                |
  | 11    | 2       | 100                |
  | 12    | 2       | 100                |
  | 13    | 2       | 100                |
  | 14    | 2       | 100                |
  | 15    | 2       | 100                |
  | 16    | 2       | 100                |
  | 17    | 2       | 100                |
  | 18    | 2       | 100                |
  | 19    | 2       | 100                |
  | 20    | 2       | 100                |
  | 21    | 2       | 100                |
  | 22    | 2       | 100                |
  | 23    | 2       | 100                |
  | 24    | 2       | 100                |
  | 25    | 2       | 30.56              |
  | 25    | 3       | 69.44              |
  | 26    | 3       | 100                |
  | 27    | 3       | 100                |
  | 28    | 3       | 100                |
  | 29    | 3       | 80.56              |
  | 29    | 4       | 19.44              |
  | 30    | 13      | 100                |
  | 31    | 13      | 100                |
  | 32    | 13      | 100                |
  | 33    | 13      | 100                |
  | 34    | 13      | 100                |
  | 35    | 13      | 100                |
  | 36    | 12      | 12.50              |
  | 36    | 13      | 87.50              |
  | 37    | 14      | 100                |
  | 38    | 14      | 100                |
  | 39    | 14      | 100                |
  | 40    | 14      | 100                |
  | 41    | 14      | 100                |
  | 42    | 14      | 100                |
  | 43    | 14      | 43.75              |
  | 43    | 15      | 56.25              |
  | 44    | 5       | 8.33               |
  | 44    | 15      | 91.67              |
  | 45    | 16      | 100                |
  | 46    | 6       | 58.59              |
  | 46    | 16      | 33.59              |
  | 46    | 17      | 7.81               |
  | 47    | 7       | 100                |
  | 48    | 7       | 59.72              |
  | 48    | 8       | 40.28              |
  | 49    | 17      | 100                |
  | 50    | 17      | 100                |
  | 51    | 17      | 1.39               |
  | 51    | 18      | 98.61              |
  | 52    | 18      | 12.50              |
  | 52    | 19      | 87.50              |
  | 53    | 9       | 26.56              |
  | 53    | 19      | 73.44              |
  +-------+---------+--------------------+
