================================================================================
System Utilization Metrics
================================================================================


System-Wide Metrics:
--------------------------------------------------
  Time Step Used for Analysis: 1.00 μs
  Mean Per-Chiplet Compute Time Utilization (Method 1): 2.50 %
  Mean Per-Chiplet Activation Communication Time Utilization (Method 1): 0.81 %
  Mean Per-Chiplet Weight Loading Time Utilization (Method 1): 15.28 %
  Mean Per-Chiplet Combined Time Utilization (Method 1): 18.59 %

Total Compute Utilization (Method 1):
--------------------------------------------------
  Compute Time Based Utilization (Per Chiplet):

  +------------+-------------------------+-----------------------+
  | Chiplet ID | Total Compute Time (μs) | Utilization (%)       |
  +------------+-------------------------+-----------------------+
  | 2          | 5207.96                 | 2.40                  |
  | 3          | 4064.72                 | 1.88                  |
  | 4          | 2634.78                 | 1.22                  |
  | 11         | 4841.47                 | 2.23                  |
  | 12         | 4739.40                 | 2.19                  |
  | 13         | 7940.01                 | 3.66                  |
  | 21         | 8174.42                 | 3.77                  |
  | 22         | 4184.04                 | 1.93                  |
  | 31         | 5126.71                 | 2.37                  |
  | 32         | 4841.47                 | 2.23                  |
  | 33         | 3796.72                 | 1.75                  |
  | 34         | 3990.38                 | 1.84                  |
  | 41         | 4739.40                 | 2.19                  |
  | 42         | 7940.01                 | 3.66                  |
  | 43         | 7940.01                 | 3.66                  |
  | 44         | 4841.47                 | 2.23                  |
  | 51         | 4841.47                 | 2.23                  |
  | 52         | 8037.02                 | 3.71                  |
  | 53         | 7789.79                 | 3.60                  |
  | 54         | 4739.40                 | 2.19                  |
  | 55         | 2869.19                 | 1.32                  |
  | 56         | 6.70                    | 0.00                  |
  | 57         | 3990.38                 | 1.84                  |
  | 61         | 7940.01                 | 3.66                  |
  | 62         | 4739.40                 | 2.19                  |
  | 63         | 4841.47                 | 2.23                  |
  | 64         | 7940.01                 | 3.66                  |
  | 66         | 4654.51                 | 2.15                  |
  | 67         | 4841.47                 | 2.23                  |
  | 71         | 5126.71                 | 2.37                  |
  | 72         | 5544.71                 | 2.56                  |
  | 73         | 5126.71                 | 2.37                  |
  | 74         | 4841.47                 | 2.23                  |
  | 75         | 3796.72                 | 1.75                  |
  | 76         | 3990.38                 | 1.84                  |
  | 77         | 4739.40                 | 2.19                  |
  | 81         | 4841.47                 | 2.23                  |
  | 82         | 7787.11                 | 3.59                  |
  | 83         | 8174.42                 | 3.77                  |
  | 84         | 7940.01                 | 3.66                  |
  | 85         | 4739.40                 | 2.19                  |
  | 86         | 4841.47                 | 2.23                  |
  | 87         | 7940.01                 | 3.66                  |
  | 92         | 5126.71                 | 2.37                  |
  | 93         | 4841.47                 | 2.23                  |
  | 94         | 7980.77                 | 3.68                  |
  +------------+-------------------------+-----------------------+

Total Activation Communication Utilization (Method 1):
--------------------------------------------------
  Activation Communication Time Based Utilization (Per Chiplet):

  +------------+------------------------------------------+---------------------+
  | Chiplet ID | Total Activation Communication Time (μs) | Utilization (%)     |
  +------------+------------------------------------------+---------------------+
  | 2          | 1587.30                                  | 0.73                |
  | 3          | 2083.96                                  | 0.96                |
  | 4          | 1563.51                                  | 0.72                |
  | 11         | 3682.13                                  | 1.70                |
  | 12         | 1065.21                                  | 0.49                |
  | 13         | 630.40                                   | 0.29                |
  | 21         | 3701.21                                  | 1.71                |
  | 22         | 453.89                                   | 0.21                |
  | 31         | 931.25                                   | 0.43                |
  | 32         | 2211.08                                  | 1.02                |
  | 33         | 1752.63                                  | 0.81                |
  | 34         | 1784.14                                  | 0.82                |
  | 41         | 1039.92                                  | 0.48                |
  | 42         | 630.40                                   | 0.29                |
  | 43         | 1851.80                                  | 0.85                |
  | 44         | 2218.95                                  | 1.02                |
  | 51         | 2193.67                                  | 1.01                |
  | 52         | 4766.04                                  | 2.20                |
  | 53         | 3616.14                                  | 1.67                |
  | 54         | 1065.21                                  | 0.49                |
  | 55         | 400.39                                   | 0.18                |
  | 56         | 0.00                                     | 0.00                |
  | 57         | 1784.14                                  | 0.82                |
  | 61         | 630.40                                   | 0.29                |
  | 62         | 1065.21                                  | 0.49                |
  | 63         | 2218.95                                  | 1.02                |
  | 64         | 630.40                                   | 0.29                |
  | 66         | 472.80                                   | 0.22                |
  | 67         | 2218.95                                  | 1.02                |
  | 71         | 921.72                                   | 0.43                |
  | 72         | 2577.71                                  | 1.19                |
  | 73         | 931.25                                   | 0.43                |
  | 74         | 2211.08                                  | 1.02                |
  | 75         | 1752.63                                  | 0.81                |
  | 76         | 1784.14                                  | 0.82                |
  | 77         | 1065.21                                  | 0.49                |
  | 81         | 3584.81                                  | 1.65                |
  | 82         | 3581.90                                  | 1.65                |
  | 83         | 899.90                                   | 0.42                |
  | 84         | 630.40                                   | 0.29                |
  | 85         | 1065.21                                  | 0.49                |
  | 86         | 2218.95                                  | 1.02                |
  | 87         | 630.40                                   | 0.29                |
  | 92         | 931.25                                   | 0.43                |
  | 93         | 3617.41                                  | 1.67                |
  | 94         | 3612.85                                  | 1.67                |
  +------------+------------------------------------------+---------------------+

Total Weight Loading Utilization (Method 1):
--------------------------------------------------
  Weight Loading Time Based Utilization (Per Chiplet):

  +------------+--------------------------------+--------------------+
  | Chiplet ID | Total Weight Loading Time (μs) | Utilization (%)    |
  +------------+--------------------------------+--------------------+
  | 2          | 55370.10                       | 25.56              |
  | 3          | 41527.58                       | 19.17              |
  | 4          | 13842.53                       | 6.39               |
  | 11         | 27685.05                       | 12.78              |
  | 12         | 55370.10                       | 25.56              |
  | 13         | 27685.05                       | 12.78              |
  | 21         | 27685.05                       | 12.78              |
  | 22         | 13842.53                       | 6.39               |
  | 31         | 55370.10                       | 25.56              |
  | 32         | 27685.05                       | 12.78              |
  | 33         | 13842.53                       | 6.39               |
  | 34         | 13842.53                       | 6.39               |
  | 41         | 55370.10                       | 25.56              |
  | 42         | 27685.05                       | 12.78              |
  | 43         | 27685.05                       | 12.78              |
  | 44         | 27685.05                       | 12.78              |
  | 51         | 27685.05                       | 12.78              |
  | 52         | 55370.10                       | 25.56              |
  | 53         | 55370.10                       | 25.56              |
  | 54         | 55370.10                       | 25.56              |
  | 55         | 13842.53                       | 6.39               |
  | 56         | 13842.53                       | 6.39               |
  | 57         | 13842.53                       | 6.39               |
  | 61         | 27685.05                       | 12.78              |
  | 62         | 55370.10                       | 25.56              |
  | 63         | 27685.05                       | 12.78              |
  | 64         | 27685.05                       | 12.78              |
  | 66         | 27685.05                       | 12.78              |
  | 67         | 27685.05                       | 12.78              |
  | 71         | 55370.10                       | 25.56              |
  | 72         | 27685.05                       | 12.78              |
  | 73         | 55370.10                       | 25.56              |
  | 74         | 27685.05                       | 12.78              |
  | 75         | 13842.53                       | 6.39               |
  | 76         | 13842.53                       | 6.39               |
  | 77         | 55370.10                       | 25.56              |
  | 81         | 27685.05                       | 12.78              |
  | 82         | 27685.05                       | 12.78              |
  | 83         | 27685.05                       | 12.78              |
  | 84         | 27685.05                       | 12.78              |
  | 85         | 55370.10                       | 25.56              |
  | 86         | 27685.05                       | 12.78              |
  | 87         | 27685.05                       | 12.78              |
  | 92         | 55370.10                       | 25.56              |
  | 93         | 27685.05                       | 12.78              |
  | 94         | 27685.05                       | 12.78              |
  +------------+--------------------------------+--------------------+

Total Combined Utilization (Method 1):
--------------------------------------------------
  Combined Busy Time Based Utilization (Per Chiplet) - Compute + Activation Communication + Weight Loading:

  +------------+-------------------------------+--------------------+
  | Chiplet ID | Total Combined Busy Time (μs) | Utilization (%)    |
  +------------+-------------------------------+--------------------+
  | 2          | 62165.36                      | 28.69              |
  | 3          | 47676.26                      | 22.00              |
  | 4          | 18040.81                      | 8.33               |
  | 11         | 36208.65                      | 16.71              |
  | 12         | 61174.71                      | 28.23              |
  | 13         | 36255.47                      | 16.73              |
  | 21         | 39560.69                      | 18.26              |
  | 22         | 18480.46                      | 8.53               |
  | 31         | 61428.07                      | 28.35              |
  | 32         | 34737.60                      | 16.03              |
  | 33         | 19391.88                      | 8.95               |
  | 34         | 19617.05                      | 9.05               |
  | 41         | 61149.42                      | 28.22              |
  | 42         | 36255.47                      | 16.73              |
  | 43         | 37476.87                      | 17.30              |
  | 44         | 34745.47                      | 16.04              |
  | 51         | 34720.19                      | 16.02              |
  | 52         | 68173.16                      | 31.46              |
  | 53         | 66776.04                      | 30.82              |
  | 54         | 61174.71                      | 28.23              |
  | 55         | 17112.10                      | 7.90               |
  | 56         | 13849.22                      | 6.39               |
  | 57         | 19617.05                      | 9.05               |
  | 61         | 36255.47                      | 16.73              |
  | 62         | 61174.71                      | 28.23              |
  | 63         | 34745.47                      | 16.04              |
  | 64         | 36255.47                      | 16.73              |
  | 66         | 32812.36                      | 15.14              |
  | 67         | 34745.47                      | 16.04              |
  | 71         | 61418.54                      | 28.35              |
  | 72         | 35807.48                      | 16.53              |
  | 73         | 61428.07                      | 28.35              |
  | 74         | 34737.60                      | 16.03              |
  | 75         | 19391.88                      | 8.95               |
  | 76         | 19617.05                      | 9.05               |
  | 77         | 61174.71                      | 28.23              |
  | 81         | 36111.33                      | 16.67              |
  | 82         | 39054.06                      | 18.02              |
  | 83         | 36759.38                      | 16.97              |
  | 84         | 36255.47                      | 16.73              |
  | 85         | 61174.71                      | 28.23              |
  | 86         | 34745.47                      | 16.04              |
  | 87         | 36255.47                      | 16.73              |
  | 92         | 61428.07                      | 28.35              |
  | 93         | 36143.93                      | 16.68              |
  | 94         | 39278.67                      | 18.13              |
  +------------+-------------------------------+--------------------+
